% Matlab m-File exported from HFSS12.1.2 
% Note: In three-dimensional arrays, like S(i,j,k), the first index corresponds to the frequency.
%       So, S(N,j,k) is an S(j,k) matrix for frequency N.

f = zeros(1,1);
S = zeros(1,5,5);

f = [5000000000 ];
S(1,:,:) = [    9.334575E-003 +    5.895976E-003i,   -6.385251E-002 +    5.012725E-001i,   -5.064236E-001 -    6.112358E-002i,   -1.935702E-002 -    4.840535E-001i,    4.866750E-001 -    1.333982E-002i;  -6.385251E-002 +    5.012725E-001i,   -2.070787E-001 -    2.546219E-001i,   -7.003612E-001 +    9.014410E-002i,   -2.744793E-002 +    2.448413E-001i,   -2.456971E-001 -    3.067439E-002i;  -5.064236E-001 -    6.112358E-002i,   -7.003612E-001 +    9.014410E-002i,    2.085695E-001 +    2.381452E-001i,   -2.473324E-001 -    2.607974E-002i,    2.933094E-002 -    2.482177E-001i;  -1.935702E-002 -    4.840535E-001i,   -2.744793E-002 +    2.448413E-001i,   -2.473324E-001 -    2.607974E-002i,    1.715231E-001 +    7.291767E-001i,    2.182686E-001 -    1.299816E-001i;   4.866750E-001 -    1.333982E-002i,   -2.456971E-001 -    3.067439E-002i,    2.933094E-002 -    2.482177E-001i,    2.182686E-001 -    1.299816E-001i,   -1.517404E-001 -    7.305161E-001i];
