% Matlab m-File exported from HFSS11.1.3 
% Note: In three-dimensional arrays, like S(i,j,k), the first index corresponds to the frequency.
%       So, S(N,j,k) is an S(j,k) matrix for frequency N.

f = zeros(1,1);
S = zeros(1,9,9);

f = [5000000000 ];
S(1,:,:) = [    6.204260E-003 -    1.362220E-002i,   -3.171081E-001 +    1.302710E-001i,   -2.022932E-003 +    3.608898E-001i,    3.301792E-001 +    1.728284E-001i,    2.044839E-001 -    2.833573E-001i,   -3.522078E-001 -    4.679436E-003i,   -1.471004E-001 +    3.365884E-001i,    3.318643E-001 +    1.187472E-001i,    1.540472E-001 -    2.898990E-001i;  -3.171081E-001 +    1.302710E-001i,   -3.613525E-001 +    8.592353E-003i,   -2.059611E-001 -    6.959947E-001i,    2.388547E-001 +    1.811105E-001i,    1.999769E-001 -    1.974949E-001i,    4.749539E-002 +    1.092323E-001i,    1.242059E-001 -    1.418194E-003i,   -9.502813E-003 -    1.188099E-001i,   -1.107772E-001 -    7.210755E-003i;  -2.022932E-003 +    3.608898E-001i,   -2.059611E-001 -    6.959947E-001i,    1.860663E-001 +    2.428276E-001i,    2.727975E-001 -    1.586092E-001i,   -1.107786E-001 -    2.743555E-001i,    1.253765E-001 -    1.850194E-003i,    4.898487E-002 -    1.212400E-001i,   -1.192760E-001 -    3.894279E-002i,   -5.192281E-002 +    1.046953E-001i;   3.301792E-001 +    1.728284E-001i,    2.388547E-001 +    1.811105E-001i,    2.727975E-001 -    1.586092E-001i,    6.692340E-001 +    2.987564E-001i,   -5.844558E-002 +    2.545352E-001i,    5.769973E-002 -    1.159169E-001i,   -8.803815E-002 -    1.023842E-001i,   -9.223955E-002 +    9.099351E-002i,    7.146559E-002 +    9.724187E-002i;   2.044839E-001 -    2.833573E-001i,    1.999769E-001 -    1.974949E-001i,   -1.107786E-001 -    2.743555E-001i,   -5.844558E-002 +    2.545352E-001i,   -5.892713E-001 -    4.874213E-001i,   -9.987627E-002 -    6.902710E-002i,   -1.067756E-001 +    6.803635E-002i,    7.213366E-002 +    9.775512E-002i,    9.979034E-002 -    5.334227E-002i;  -3.522078E-001 -    4.679436E-003i,    4.749539E-002 +    1.092323E-001i,    1.253765E-001 -    1.850194E-003i,    5.769973E-002 -    1.159169E-001i,   -9.987627E-002 -    6.902710E-002i,   -6.802691E-001 +    3.354586E-002i,   -3.204456E-001 -    3.726313E-001i,   -2.396748E-001 -    3.108830E-002i,   -6.086629E-002 +    2.167154E-001i;  -1.471004E-001 +    3.365884E-001i,    1.242059E-001 -    1.418194E-003i,    4.898487E-002 -    1.212400E-001i,   -8.803815E-002 -    1.023842E-001i,   -1.067756E-001 +    6.803635E-002i,   -3.204456E-001 -    3.726313E-001i,    4.599290E-001 +    4.760018E-001i,   -1.269174E-001 +    2.177480E-001i,    1.836267E-001 +    1.462391E-001i;   3.318643E-001 +    1.187472E-001i,   -9.502813E-003 -    1.188099E-001i,   -1.192760E-001 -    3.894279E-002i,   -9.223955E-002 +    9.099351E-002i,    7.213366E-002 +    9.775512E-002i,   -2.396748E-001 -    3.108830E-002i,   -1.269174E-001 +    2.177480E-001i,    3.634641E-001 -    1.918684E-001i,   -5.507478E-001 +    4.691407E-001i;   1.540472E-001 -    2.898990E-001i,   -1.107772E-001 -    7.210755E-003i,   -5.192281E-002 +    1.046953E-001i,    7.146559E-002 +    9.724187E-002i,    9.979034E-002 -    5.334227E-002i,   -6.086629E-002 +    2.167154E-001i,    1.836267E-001 +    1.462391E-001i,   -5.507478E-001 +    4.691407E-001i,   -4.578636E-001 -    7.096785E-003i];
