% Matlab m-File exported from HFSS12.0.0 
% Note: In three-dimensional arrays, like S(i,j,k), the first index corresponds to the frequency.
%       So, S(N,j,k) is an S(j,k) matrix for frequency N.

f = zeros(1,1);
S = zeros(1,5,5);

f = [5000000000 ];
S(1,:,:) = [    8.733493E-003 +    5.236353E-003i,    4.892238E-001 -    6.276265E-003i,   -1.106774E-002 -    4.860479E-001i,   -5.100922E-001 -    6.602767E-002i,   -6.751162E-002 +    5.050152E-001i;   4.892238E-001 -    6.276265E-003i,   -1.635627E-001 -    7.359686E-001i,    2.148931E-001 -    1.387725E-001i,    2.653929E-002 -    2.515664E-001i,   -2.490874E-001 -    2.732788E-002i;  -1.106774E-002 -    4.860479E-001i,    2.148931E-001 -    1.387725E-001i,    1.799440E-001 +    7.352777E-001i,   -2.502272E-001 -    2.388598E-002i,   -2.469403E-002 +    2.477718E-001i;  -5.100922E-001 -    6.602767E-002i,    2.653929E-002 -    2.515664E-001i,   -2.502272E-001 -    2.388598E-002i,    2.071642E-001 +    2.383621E-001i,   -7.063274E-001 +    9.818500E-002i;  -6.751162E-002 +    5.050152E-001i,   -2.490874E-001 -    2.732788E-002i,   -2.469403E-002 +    2.477718E-001i,   -7.063274E-001 +    9.818500E-002i,   -2.069712E-001 -    2.534445E-001i];
