
S_module =[0.0660    0.3510    0.3520    0.3530    0.3540    0.3540    0.3530    0.3520    0.3510
           0.3510    0.6280    0.4710    0.2950    0.1730    0.1190    0.1610    0.2120    0.2410
           0.3520    0.4710    0.6510    0.3040    0.1650    0.1130    0.1290    0.1880    0.2120
           0.3530    0.2950    0.3040    0.7710    0.1960    0.0880    0.1080    0.1290    0.1610
           0.3540    0.1730    0.1650    0.1960    0.8480    0.1600    0.0880    0.1130    0.1190
           0.3540    0.1190    0.1130    0.0880    0.1600    0.8480    0.1960    0.1650    0.1730
           0.3530    0.1610    0.1290    0.1080    0.0880    0.1960    0.7710    0.3040    0.2950
           0.3520    0.2120    0.1880    0.1290    0.1130    0.1650    0.3040    0.6510    0.4710
           0.3510    0.2410    0.2120    0.1610    0.1190    0.1730    0.2950    0.4710    0.6280];



S_phase = [ -179.8170   -0.9680  -89.8920 -179.6870   90.4880    0.4880  -89.6870 -179.8920   89.0320
              -0.9680  -48.9330  105.2040   -8.8870 -129.6290   88.1700  -44.2050 -151.7930  111.5800
             -89.8920  105.2040  153.3760  -78.2160  161.0570   12.0950 -126.8050  126.6160   28.2070
            -179.6870   -8.8870  -78.2160  -21.3420  107.6560  -24.3760  171.4050   53.1950  -44.2050
              90.4880 -129.6290  161.0570  107.6560  159.4480  -66.5680  155.6240   12.0950  -91.8300
               0.4880   88.1700   12.0950  -24.3760  -66.5680  -20.5520  107.6560  -18.9430 -129.6290
             -89.6870  -44.2050 -126.8050  171.4050  155.6240  107.6560  158.6580  -78.2160  171.1130
            -179.8920 -151.7930  126.6160   53.1950   12.0950  -18.9430  -78.2160  -26.6240  105.2040
              89.0320  111.5800   28.2070  -44.2050  -91.8300 -129.6290  171.1130  105.2040  131.0670];


S = S_module.*exp(i*S_phase*pi./180);

S = reshape(S,1,length(S)*length(S)); 
