% Matlab m-File exported from HFSS11.0 
% Note: In three-dimensional arrays, like S(i,j,k), the first index corresponds to the frequency.
%       So, S(N,j,k) is an S(j,k) matrix for frequency N.

f = zeros(1,1);
S = zeros(1,7,7);

f = [3700000000 ];
S(1,:,:) = [    9.790505E-002 -    6.258812E-002i,    2.177456E-001 +    3.402873E-001i,    3.324134E-001 -    2.315826E-001i,   -2.300886E-001 -    3.430388E-001i,   -3.254876E-001 +    2.389102E-001i,    2.605179E-001 +    3.121408E-001i,    3.211577E-001 -    2.389126E-001i;   2.177456E-001 +    3.402873E-001i,   -3.547069E-001 +    8.558747E-002i,   -5.650696E-001 -    3.987312E-001i,   -1.849241E-001 +    2.536518E-002i,    3.242875E-002 +    1.795482E-001i,   -1.418988E-001 +    2.443487E-001i,    2.323834E-001 +    1.529244E-001i;   3.324134E-001 -    2.315826E-001i,   -5.650696E-001 -    3.987312E-001i,    3.447856E-001 -    1.098791E-001i,    3.269467E-002 +    1.843038E-001i,    1.786389E-001 -    3.956111E-002i,    2.504325E-001 +    1.325725E-001i,    1.440915E-001 -    2.388766E-001i;  -2.300886E-001 -    3.430388E-001i,   -1.849241E-001 +    2.536518E-002i,    3.269467E-002 +    1.843038E-001i,   -6.794386E-001 +    3.555109E-001i,   -3.168226E-001 -    4.139686E-002i,   -1.813001E-001 +    4.865657E-002i,    3.785524E-002 +    1.808902E-001i;  -3.254876E-001 +    2.389102E-001i,    3.242875E-002 +    1.795482E-001i,    1.786389E-001 -    3.956111E-002i,   -3.168226E-001 -    4.139686E-002i,    6.481815E-001 -    4.262419E-001i,    5.502527E-002 +    1.750445E-001i,    1.750915E-001 -    4.445963E-002i;   2.605179E-001 +    3.121408E-001i,   -1.418988E-001 +    2.443487E-001i,    2.504325E-001 +    1.325725E-001i,   -1.813001E-001 +    4.865657E-002i,    5.502527E-002 +    1.750445E-001i,   -3.165624E-001 +    1.580625E-001i,   -6.218675E-001 -    3.061778E-001i;   3.211577E-001 -    2.389126E-001i,    2.323834E-001 +    1.529244E-001i,    1.440915E-001 -    2.388766E-001i,    3.785524E-002 +    1.808902E-001i,    1.750915E-001 -    4.445963E-002i,   -6.218675E-001 -    3.061778E-001i,    3.428483E-001 -    1.406032E-001i];
