% Matlab m-File exported from HFSS11.0 
% Note: In three-dimensional arrays, like S(i,j,k), the first index corresponds to the frequency.
%       So, S(N,j,k) is an S(j,k) matrix for frequency N.

f = zeros(1,1);
S = zeros(1,7,7);

f = [3700000000 ];
S(1,:,:) = [    1.126513E-001 -    4.307014E-002i,    3.703464E-001 +    1.738273E-001i,    1.720678E-001 -    3.553555E-001i,   -3.814617E-001 -    1.670506E-001i,   -1.561802E-001 +    3.758431E-001i,    3.706527E-001 +    1.660183E-001i,    1.616123E-001 -    3.634063E-001i;   3.703464E-001 +    1.738273E-001i,   -1.215234E-001 +    3.447921E-001i,   -6.149639E-001 +    3.108696E-001i,   -6.137523E-002 +    1.779970E-001i,    1.750687E-001 +    5.668128E-002i,    1.372951E-001 +    2.453434E-001i,    2.399023E-001 -    1.350903E-001i;   1.720678E-001 -    3.553555E-001i,   -6.149639E-001 +    3.108696E-001i,    1.082521E-001 -    3.857507E-001i,    1.710509E-001 +    6.130547E-002i,    5.674161E-002 -    1.682798E-001i,    2.383599E-001 -    1.296255E-001i,   -1.275614E-001 -    2.330835E-001i;  -3.814617E-001 -    1.670506E-001i,   -6.137523E-002 +    1.779970E-001i,    1.710509E-001 +    6.130547E-002i,   -5.288040E-003 +    7.632354E-001i,   -1.925494E-001 +    2.639951E-001i,   -5.767446E-002 +    1.782926E-001i,    1.747490E-001 +    5.601466E-002i;  -1.561802E-001 +    3.758431E-001i,    1.750687E-001 +    5.668128E-002i,    5.674161E-002 -    1.682798E-001i,   -1.925494E-001 +    2.639951E-001i,   -3.586825E-002 -    7.714837E-001i,    1.752890E-001 +    5.305954E-002i,    5.150318E-002 -    1.717957E-001i;   3.706527E-001 +    1.660183E-001i,    1.372951E-001 +    2.453434E-001i,    2.383599E-001 -    1.296255E-001i,   -5.767446E-002 +    1.782926E-001i,    1.752890E-001 +    5.305954E-002i,   -1.124053E-001 +    3.600790E-001i,   -6.004277E-001 +    3.330637E-001i;   1.616123E-001 -    3.634063E-001i,    2.399023E-001 -    1.350903E-001i,   -1.275614E-001 -    2.330835E-001i,    1.747490E-001 +    5.601466E-002i,    5.150318E-002 -    1.717957E-001i,   -6.004277E-001 +    3.330637E-001i,    9.647458E-002 -    3.857740E-001i];
