% Matlab m-File exported from HFSS11.0 
% Note: In three-dimensional arrays, like S(i,j,k), the first index corresponds to the frequency.
%       So, S(N,j,k) is an S(j,k) matrix for frequency N.

f = zeros(1,1);
S = zeros(1,7,7);

f = [3700000000 ];
S(1,:,:) = [    1.099381E-001 -    6.798388E-002i,    9.168011E-002 +    3.873136E-001i,    3.931722E-001 -    1.019328E-001i,   -9.842299E-002 -    3.984568E-001i,   -3.894350E-001 +    1.122477E-001i,    1.436769E-001 +    3.808017E-001i,    3.864082E-001 -    1.105515E-001i;   9.168011E-002 +    3.873136E-001i,   -3.309672E-001 -    9.206261E-002i,   -2.391294E-001 -    6.693799E-001i,   -1.557789E-001 -    9.841698E-002i,   -9.119655E-002 +    1.574499E-001i,   -2.587813E-001 +    9.804235E-002i,    7.552497E-002 +    2.626241E-001i;   3.931722E-001 -    1.019328E-001i,   -2.391294E-001 -    6.693799E-001i,    3.076384E-001 +    8.819703E-002i,   -9.703394E-002 +    1.610679E-001i,    1.626162E-001 +    8.963102E-002i,    1.056378E-001 +    2.618983E-001i,    2.663070E-001 -    8.274759E-002i;  -9.842299E-002 -    3.984568E-001i,   -1.557789E-001 -    9.841698E-002i,   -9.703394E-002 +    1.610679E-001i,   -7.389314E-001 -    1.089263E-001i,   -2.807439E-001 -    2.334604E-001i,   -1.722373E-001 -    7.934482E-002i,   -9.204092E-002 +    1.630809E-001i;  -3.894350E-001 +    1.122477E-001i,   -9.119655E-002 +    1.574499E-001i,    1.626162E-001 +    8.963102E-002i,   -2.807439E-001 -    2.334604E-001i,    7.507291E-001 +    4.451463E-002i,   -7.175238E-002 +    1.729659E-001i,    1.644129E-001 +    8.462779E-002i;   1.436769E-001 +    3.808017E-001i,   -2.587813E-001 +    9.804235E-002i,    1.056378E-001 +    2.618983E-001i,   -1.722373E-001 -    7.934482E-002i,   -7.175238E-002 +    1.729659E-001i,   -3.296887E-001 -    1.975253E-002i,   -3.332895E-001 -    6.219512E-001i;   3.864082E-001 -    1.105515E-001i,    7.552497E-002 +    2.626241E-001i,    2.663070E-001 -    8.274759E-002i,   -9.204092E-002 +    1.630809E-001i,    1.644129E-001 +    8.462779E-002i,   -3.332895E-001 -    6.219512E-001i,    3.383216E-001 +    6.631708E-002i];
