% Matlab m-File exported from HFSS11.0 
% Note: In three-dimensional arrays, like S(i,j,k), the first index corresponds to the frequency.
%       So, S(N,j,k) is an S(j,k) matrix for frequency N.

f = zeros(1,1);
S = zeros(1,7,7);

f = [3700000000 ];
S(1,:,:) = [    1.162489E-001 -    6.375088E-002i,    3.669909E-002 +    3.928952E-001i,    4.085376E-001 -    4.411674E-002i,   -4.639141E-002 -    4.086237E-001i,   -4.049806E-001 +    5.879352E-002i,    8.622867E-002 +    3.927229E-001i,    3.964705E-001 -    4.911505E-002i;   3.669909E-002 +    3.928952E-001i,   -3.156354E-001 -    1.247538E-001i,   -1.055595E-001 -    7.106213E-001i,   -1.225184E-001 -    1.366302E-001i,   -1.320987E-001 +    1.260874E-001i,   -2.701228E-001 +    2.180468E-002i,   -3.321832E-003 +    2.692442E-001i;   4.085376E-001 -    4.411674E-002i,   -1.055595E-001 -    7.106213E-001i,    2.616659E-001 +    1.249730E-001i,   -1.404203E-001 +    1.296217E-001i,    1.332697E-001 +    1.356484E-001i,    2.676322E-002 +    2.809288E-001i,    2.803916E-001 -    5.878571E-004i;  -4.639141E-002 -    4.086237E-001i,   -1.225184E-001 -    1.366302E-001i,   -1.404203E-001 +    1.296217E-001i,   -6.836991E-001 -    2.381712E-001i,   -2.706538E-001 -    3.061822E-001i,   -1.410053E-001 -    1.228559E-001i,   -1.345368E-001 +    1.281758E-001i;  -4.049806E-001 +    5.879352E-002i,   -1.320987E-001 +    1.260874E-001i,    1.332697E-001 +    1.356484E-001i,   -2.706538E-001 -    3.061822E-001i,    7.001250E-001 +    1.924197E-001i,   -1.178263E-001 +    1.440480E-001i,    1.316495E-001 +    1.298414E-001i;   8.622867E-002 +    3.927229E-001i,   -2.701228E-001 +    2.180468E-002i,    2.676322E-002 +    2.809288E-001i,   -1.410053E-001 -    1.228559E-001i,   -1.178263E-001 +    1.440480E-001i,   -3.020013E-001 -    5.516869E-002i,   -2.053239E-001 -    6.922710E-001i;   3.964705E-001 -    4.911505E-002i,   -3.321832E-003 +    2.692442E-001i,    2.803916E-001 -    5.878571E-004i,   -1.345368E-001 +    1.281758E-001i,    1.316495E-001 +    1.298414E-001i,   -2.053239E-001 -    6.922710E-001i,    2.957240E-001 +    1.081962E-001i];
