% Matlab m-File exported from HFSS11.0 
% Note: In three-dimensional arrays, like S(i,j,k), the first index corresponds to the frequency.
%       So, S(N,j,k) is an S(j,k) matrix for frequency N.

f = zeros(1,1);
S = zeros(1,7,7);

f = [3700000000 ];
S(1,:,:) = [    1.035687E-001 -    4.825403E-002i,    3.710094E-001 +    1.651036E-001i,    1.698532E-001 -    3.625415E-001i,   -3.770665E-001 -    1.739576E-001i,   -1.554085E-001 +    3.752646E-001i,    3.792057E-001 +    1.377513E-001i,    1.612236E-001 -    3.681987E-001i;   3.710094E-001 +    1.651036E-001i,   -9.949787E-002 +    3.622118E-001i,   -6.074109E-001 +    3.183268E-001i,   -5.872363E-002 +    1.773156E-001i,    1.755740E-001 +    5.052374E-002i,    1.573955E-001 +    2.307384E-001i,    2.394780E-001 -    1.417192E-001i;   1.698532E-001 -    3.625415E-001i,   -6.074109E-001 +    3.183268E-001i,    1.047915E-001 -    3.755064E-001i,    1.736554E-001 +    6.128217E-002i,    5.316612E-002 -    1.720959E-001i,    2.304561E-001 -    1.507236E-001i,   -1.351040E-001 -    2.387704E-001i;  -3.770665E-001 -    1.739576E-001i,   -5.872363E-002 +    1.773156E-001i,    1.736554E-001 +    6.128217E-002i,   -1.748573E-002 +    7.650419E-001i,   -1.904243E-001 +    2.619282E-001i,   -4.596167E-002 +    1.793400E-001i,    1.753622E-001 +    5.717343E-002i;  -1.554085E-001 +    3.752646E-001i,    1.755740E-001 +    5.052374E-002i,    5.316612E-002 -    1.720959E-001i,   -1.904243E-001 +    2.619282E-001i,   -5.504482E-002 -    7.719877E-001i,    1.770582E-001 +    3.797243E-002i,    4.908433E-002 -    1.736049E-001i;   3.792057E-001 +    1.377513E-001i,    1.573955E-001 +    2.307384E-001i,    2.304561E-001 -    1.507236E-001i,   -4.596167E-002 +    1.793400E-001i,    1.770582E-001 +    3.797243E-002i,   -3.061718E-002 +    3.716898E-001i,   -5.706387E-001 +    3.893591E-001i;   1.612236E-001 -    3.681987E-001i,    2.394780E-001 -    1.417192E-001i,   -1.351040E-001 -    2.387704E-001i,    1.753622E-001 +    5.717343E-002i,    4.908433E-002 -    1.736049E-001i,   -5.706387E-001 +    3.893591E-001i,    7.539454E-002 -    3.691291E-001i];
