% Matlab m-File exported from HFSS11.0 
% Note: In three-dimensional arrays, like S(i,j,k), the first index corresponds to the frequency.
%       So, S(N,j,k) is an S(j,k) matrix for frequency N.

f = zeros(1,1);
S = zeros(1,7,7);

f = [3700000000 ];
S(1,:,:) = [    1.050672E-001 -    5.036057E-002i,    3.794187E-001 +    1.343319E-001i,    1.626634E-001 -    3.665525E-001i,   -3.745772E-001 -    1.767807E-001i,   -1.591056E-001 +    3.722699E-001i,    3.675005E-001 +    1.764235E-001i,    1.753420E-001 -    3.622366E-001i;   3.794187E-001 +    1.343319E-001i,   -2.361617E-002 +    3.690819E-001i,   -5.717352E-001 +    3.918489E-001i,   -4.529375E-002 +    1.796858E-001i,    1.771482E-001 +    3.773356E-002i,    1.521397E-001 +    2.338060E-001i,    2.313022E-001 -    1.494466E-001i;   1.626634E-001 -    3.665525E-001i,   -5.717352E-001 +    3.918489E-001i,    7.768643E-002 -    3.654319E-001i,    1.750039E-001 +    5.883274E-002i,    5.112731E-002 -    1.730655E-001i,    2.439714E-001 -    1.331211E-001i,   -1.306387E-001 -    2.412768E-001i;  -3.745772E-001 -    1.767807E-001i,   -4.529375E-002 +    1.796858E-001i,    1.750039E-001 +    5.883274E-002i,   -2.526825E-002 +    7.642052E-001i,   -1.933363E-001 +    2.624418E-001i,   -6.520364E-002 +    1.753536E-001i,    1.729025E-001 +    6.493031E-002i;  -1.591056E-001 +    3.722699E-001i,    1.771482E-001 +    3.773356E-002i,    5.112731E-002 -    1.730655E-001i,   -1.933363E-001 +    2.624418E-001i,   -4.369774E-002 -    7.723598E-001i,    1.736378E-001 +    5.733742E-002i,    5.715920E-002 -    1.712338E-001i;   3.675005E-001 +    1.764235E-001i,    1.521397E-001 +    2.338060E-001i,    2.439714E-001 -    1.331211E-001i,   -6.520364E-002 +    1.753536E-001i,    1.736378E-001 +    5.733742E-002i,   -1.004299E-001 +    3.528282E-001i,   -6.170882E-001 +    3.081450E-001i;   1.753420E-001 -    3.622366E-001i,    2.313022E-001 -    1.494466E-001i,   -1.306387E-001 -    2.412768E-001i,    1.729025E-001 +    6.493031E-002i,    5.715920E-002 -    1.712338E-001i,   -6.170882E-001 +    3.081450E-001i,    9.483467E-002 -    3.680756E-001i];
