% Matlab m-File exported from HFSS11.0 
% Note: In three-dimensional arrays, like S(i,j,k), the first index corresponds to the frequency.
%       So, S(N,j,k) is an S(j,k) matrix for frequency N.

f = zeros(1,1);
S = zeros(1,7,7);

f = [3700000000 ];
S(1,:,:) = [    1.115165E-001 -    4.662371E-002i,    3.665538E-001 +    1.699394E-001i,    1.613834E-001 -    3.657417E-001i,   -3.779041E-001 -    1.735834E-001i,   -1.617386E-001 +    3.736947E-001i,    3.684297E-001 +    1.758143E-001i,    1.775456E-001 -    3.541388E-001i;   3.665538E-001 +    1.699394E-001i,   -1.145062E-001 +    3.618710E-001i,   -6.041781E-001 +    3.283881E-001i,   -6.233750E-002 +    1.756582E-001i,    1.733042E-001 +    5.721866E-002i,    1.322756E-001 +    2.463123E-001i,    2.414807E-001 -    1.236818E-001i;   1.613834E-001 -    3.657417E-001i,   -6.041781E-001 +    3.283881E-001i,    9.378511E-002 -    3.785690E-001i,    1.749182E-001 +    5.844226E-002i,    5.342159E-002 -    1.724954E-001i,    2.412397E-001 -    1.353802E-001i,   -1.267898E-001 -    2.366178E-001i;  -3.779041E-001 -    1.735834E-001i,   -6.233750E-002 +    1.756582E-001i,    1.749182E-001 +    5.844226E-002i,   -1.807860E-002 +    7.609679E-001i,   -1.971966E-001 +    2.665761E-001i,   -6.493271E-002 +    1.769081E-001i,    1.704145E-001 +    6.634412E-002i;  -1.617386E-001 +    3.736947E-001i,    1.733042E-001 +    5.721866E-002i,    5.342159E-002 -    1.724954E-001i,   -1.971966E-001 +    2.665761E-001i,   -2.700828E-002 -    7.690819E-001i,    1.745840E-001 +    5.973207E-002i,    6.125436E-002 -    1.682579E-001i;   3.684297E-001 +    1.758143E-001i,    1.322756E-001 +    2.463123E-001i,    2.412397E-001 -    1.353802E-001i,   -6.493271E-002 +    1.769081E-001i,    1.745840E-001 +    5.973207E-002i,   -1.079532E-001 +    3.435759E-001i,   -6.181195E-001 +    3.119738E-001i;   1.775456E-001 -    3.541388E-001i,    2.414807E-001 -    1.236818E-001i,   -1.267898E-001 -    2.366178E-001i,    1.704145E-001 +    6.634412E-002i,    6.125436E-002 -    1.682579E-001i,   -6.181195E-001 +    3.119738E-001i,    1.032418E-001 -    3.765977E-001i];
