% Matlab m-File exported from HFSS11.0 
% Note: In three-dimensional arrays, like S(i,j,k), the first index corresponds to the frequency.
%       So, S(N,j,k) is an S(j,k) matrix for frequency N.

f = zeros(1,1);
S = zeros(1,7,7);

f = [3700000000 ];
S(1,:,:) = [    1.173982E-001 -    6.708167E-002i,    8.416133E-002 +    3.947397E-001i,    3.980384E-001 -    5.068068E-002i,   -4.564651E-002 -    4.057408E-001i,   -4.049820E-001 +    6.268818E-002i,    3.262945E-002 +    3.916739E-001i,    4.087423E-001 -    4.023896E-002i;   8.416133E-002 +    3.947397E-001i,   -3.023970E-001 -    5.582627E-002i,   -2.027743E-001 -    6.916275E-001i,   -1.406303E-001 -    1.235413E-001i,   -1.180276E-001 +    1.461766E-001i,   -2.696070E-001 +    1.786979E-002i,    2.290172E-002 +    2.814279E-001i;   3.980384E-001 -    5.068068E-002i,   -2.027743E-001 -    6.916275E-001i,    2.972097E-001 +    1.035735E-001i,   -1.340408E-001 +    1.290886E-001i,    1.350399E-001 +    1.290377E-001i,   -4.628919E-003 +    2.685787E-001i,    2.807065E-001 +    6.229753E-004i;  -4.564651E-002 -    4.057408E-001i,   -1.406303E-001 -    1.235413E-001i,   -1.340408E-001 +    1.290886E-001i,   -6.872194E-001 -    2.350840E-001i,   -2.741539E-001 -    3.024868E-001i,   -1.204942E-001 -    1.366293E-001i,   -1.408715E-001 +    1.280461E-001i;  -4.049820E-001 +    6.268818E-002i,   -1.180276E-001 +    1.461766E-001i,    1.350399E-001 +    1.290377E-001i,   -2.741539E-001 -    3.024868E-001i,    7.022187E-001 +    1.793480E-001i,   -1.319918E-001 +    1.265292E-001i,    1.342793E-001 +    1.359312E-001i;   3.262945E-002 +    3.916739E-001i,   -2.696070E-001 +    1.786979E-002i,   -4.628919E-003 +    2.685787E-001i,   -1.204942E-001 -    1.366293E-001i,   -1.319918E-001 +    1.265292E-001i,   -3.139387E-001 -    1.188810E-001i,   -9.969532E-002 -    7.149241E-001i;   4.087423E-001 -    4.023896E-002i,    2.290172E-002 +    2.814279E-001i,    2.807065E-001 +    6.229753E-004i,   -1.408715E-001 +    1.280461E-001i,    1.342793E-001 +    1.359312E-001i,   -9.969532E-002 -    7.149241E-001i,    2.545437E-001 +    1.191261E-001i];
