% Matlab m-File exported from HFSS11.0 
% Note: In three-dimensional arrays, like S(i,j,k), the first index corresponds to the frequency.
%       So, S(N,j,k) is an S(j,k) matrix for frequency N.

f = zeros(1,1);
S = zeros(1,7,7);

f = [3700000000 ];
S(1,:,:) = [    1.129978E-001 -    6.848618E-002i,    1.376359E-001 +    3.799847E-001i,    3.864722E-001 -    1.109585E-001i,   -1.071675E-001 -    3.930005E-001i,   -3.907208E-001 +    1.224487E-001i,    9.631351E-002 +    3.848420E-001i,    3.988545E-001 -    8.649457E-002i;   1.376359E-001 +    3.799847E-001i,   -3.338991E-001 -    3.295928E-002i,   -3.247242E-001 -    6.285154E-001i,   -1.695719E-001 -    7.725943E-002i,   -7.121795E-002 +    1.732398E-001i,   -2.551430E-001 +    9.810834E-002i,    9.256644E-002 +    2.655492E-001i;   3.864722E-001 -    1.109585E-001i,   -3.247242E-001 -    6.285154E-001i,    3.329870E-001 +    7.500603E-002i,   -8.813999E-002 +    1.631018E-001i,    1.671506E-001 +    8.239084E-002i,    8.015359E-002 +    2.598835E-001i,    2.698385E-001 -    7.394990E-002i;  -1.071675E-001 -    3.930005E-001i,   -1.695719E-001 -    7.725943E-002i,   -8.813999E-002 +    1.631018E-001i,   -7.466130E-001 -    7.674018E-002i,   -2.866141E-001 -    2.238375E-001i,   -1.586386E-001 -    9.246599E-002i,   -1.002480E-001 +    1.601080E-001i;  -3.907208E-001 +    1.224487E-001i,   -7.121795E-002 +    1.732398E-001i,    1.671506E-001 +    8.239084E-002i,   -2.866141E-001 -    2.238375E-001i,    7.480647E-001 +    2.365590E-002i,   -8.690427E-002 +    1.628304E-001i,    1.645994E-001 +    9.466576E-002i;   9.631351E-002 +    3.848420E-001i,   -2.551430E-001 +    9.810834E-002i,    8.015359E-002 +    2.598835E-001i,   -1.586386E-001 -    9.246599E-002i,   -8.690427E-002 +    1.628304E-001i,   -3.399163E-001 -    7.575904E-002i,   -2.313606E-001 -    6.718189E-001i;   3.988545E-001 -    8.649457E-002i,    9.256644E-002 +    2.655492E-001i,    2.698385E-001 -    7.394990E-002i,   -1.002480E-001 +    1.601080E-001i,    1.645994E-001 +    9.466576E-002i,   -2.313606E-001 -    6.718189E-001i,    2.959223E-001 +    1.090427E-001i];
