% Matlab m-File exported from HFSS11.0 
% Note: In three-dimensional arrays, like S(i,j,k), the first index corresponds to the frequency.
%       So, S(N,j,k) is an S(j,k) matrix for frequency N.

f = zeros(1,1);
S = zeros(1,7,7);

f = [3700000000 ];
S(1,:,:) = [    1.069551E-001 -    6.200160E-002i,    2.152653E-001 +    3.397759E-001i,    3.348893E-001 -    2.181071E-001i,   -2.334961E-001 -    3.410740E-001i,   -3.314255E-001 +    2.394099E-001i,    2.563131E-001 +    3.124925E-001i,    3.293890E-001 -    2.309785E-001i;   2.152653E-001 +    3.397759E-001i,   -3.525812E-001 +    7.416090E-002i,   -5.611332E-001 -    4.113161E-001i,   -1.850868E-001 +    2.442330E-002i,    2.877595E-002 +    1.824072E-001i,   -1.411968E-001 +    2.410788E-001i,    2.287009E-001 +    1.582237E-001i;   3.348893E-001 -    2.181071E-001i,   -5.611332E-001 -    4.113161E-001i,    3.558023E-001 -    9.026176E-002i,    2.657301E-002 +    1.835826E-001i,    1.808661E-001 -    3.086403E-002i,    2.412770E-001 +    1.372755E-001i,    1.543463E-001 -    2.291917E-001i;  -2.334961E-001 -    3.410740E-001i,   -1.850868E-001 +    2.442330E-002i,    2.657301E-002 +    1.835826E-001i,   -6.685110E-001 +    3.660873E-001i,   -3.272855E-001 -    4.091218E-002i,   -1.817232E-001 +    4.715045E-002i,    3.317472E-002 +    1.839085E-001i;  -3.314255E-001 +    2.394099E-001i,    2.877595E-002 +    1.824072E-001i,    1.808661E-001 -    3.086403E-002i,   -3.272855E-001 -    4.091218E-002i,    6.498767E-001 -    4.065612E-001i,    5.116496E-002 +    1.785133E-001i,    1.810234E-001 -    3.740009E-002i;   2.563131E-001 +    3.124925E-001i,   -1.411968E-001 +    2.410788E-001i,    2.412770E-001 +    1.372755E-001i,   -1.817232E-001 +    4.715045E-002i,    5.116496E-002 +    1.785133E-001i,   -3.370171E-001 +    1.530740E-001i,   -6.061880E-001 -    3.276126E-001i;   3.293890E-001 -    2.309785E-001i,    2.287009E-001 +    1.582237E-001i,    1.543463E-001 -    2.291917E-001i,    3.317472E-002 +    1.839085E-001i,    1.810234E-001 -    3.740009E-002i,   -6.061880E-001 -    3.276126E-001i,    3.596224E-001 -    1.060571E-001i];
