% Matlab m-File from Maxwell project
f = zeros(1,1);
S = zeros(1,49);

f(1) = 3700000000;

S = [
0.1112701825908547 + -0.08053551186253054i, 0.3191837266215726 + 0.2468033231288549i, 0.3208001543991608 + -0.2405769151973985i, -0.2951248982938811 + -0.2863867618901667i, -0.3235047742407344 + 0.2462554668947433i, 0.2912068693076899 + 0.2760974333345579i, 0.3251268701298124 + -0.2374888690907125i, 0.3191837266215941 + 0.2468033231288795i, -0.1544368035332692 + 0.2855921990476238i, -0.7030385454043074 + -0.1111048595987523i, -0.1502078564198696 + 0.1150019178981074i, 0.09026252098711335 + 0.1638058482196424i, -0.02344685123631405 + 0.2764117830599853i, 0.2685581411742038 + 0.07310627924316224i, 0.3208001543991703 + -0.2405769151974127i, -0.7030385454042996 + -0.1111048595987511i, 0.282643863297988 + -0.1740489184517944i, 0.07048477742913008 + 0.1742986681201073i, 0.1807887196575302 + -0.04318952817863061i, 0.2586231095179438 + 0.09550822427085937i, 0.1410095487778139 + -0.2379758193654682i, -0.2951248982938853 + -0.2863867618901608i, -0.1502078564198368 + 0.1150019178981074i, 0.0704847774291151 + 0.1742986681201349i, -0.419869641888042 + 0.6106321266718088i, -0.362141776943215 + 0.08513258350703026i, -0.1609813939114021 + 0.1003018872663107i, 0.06988992048589247 + 0.1770071573904715i, -0.3235047742407392 + 0.246255466894747i, 0.09026252098710832 + 0.1638058482196657i, 0.1807887196575028 + -0.04318952817865909i, -0.3621417769432097 + 0.08513258350702223i, 0.5806857682061538 + -0.4679976152555294i, 0.07430270287476934 + 0.1721690630515673i, 0.1833487099130355 + -0.04220842267561262i, 0.2912068693076773 + 0.2760974333345624i, -0.02344685123632941 + 0.2764117830599769i, 0.2586231095179274 + 0.09550822427086049i, -0.1609813939114115 + 0.1003018872663126i, 0.07430270287476992 + 0.1721690630515703i, -0.1877309660820166 + 0.2625688086525508i, -0.6945395678994637 + -0.1682223001388693i, 0.3251268701298115 + -0.2374888690907223i, 0.2685581411742082 + 0.07310627924314631i, 0.1410095487778117 + -0.2379758193654567i, 0.06988992048591333 + 0.1770071573904665i, 0.1833487099130498 + -0.04220842267562196i, -0.6945395678994656 + -0.1682223001388828i, 0.2666695247604845 + -0.1746320259007614i;
];
Z = [
9.156999393145643e-013 + -142.6154145860907i, 1.111991187752309e-012 + 108.052980752014i, -1.063761855749644e-012 + -170.7128115688772i, 1.150257079195398e-013 + -90.5627985471826i, -9.262811525606461e-013 + 151.1735756974576i, -4.90197286665041e-013 + 77.80916718721569i, 6.379665892003976e-013 + -130.1544230353914i, 3.841031997083414e-013 + 108.0529807520427i, 3.831474062034246e-013 + 228.6036565998395i, 2.832273560561648e-013 + -206.742196730425i, 1.461797025818981e-013 + -25.45620405198648i, 6.177274893165668e-014 + 42.49322595227765i, -6.776257624852326e-013 + -122.5728248764446i, 2.742678421704502e-013 + 205.0323365055451i, -1.015382394198274e-012 + -170.7128115688988i, -5.591973115425943e-013 + -206.7421967304273i, -4.925694776115286e-013 + 123.9552884261953i, 2.89173069676114e-016 + 40.21823478750147i, -2.845770623467467e-013 + -67.13501096520631i, 9.472094459177791e-013 + 193.6527007674343i, -5.347700682540677e-013 + -323.9304123817303i, -2.838726357403868e-013 + -90.56279854718174i, -2.48522050725434e-013 + -25.45620405198419i, 2.705984065904399e-013 + 40.21823478750417i, 1.18898165044712e-014 + 54.15404044035061i, -3.963700630336609e-015 + 38.4458375784834i, 1.776097906047314e-013 + -18.81373608017532i, -2.5039224164577e-013 + 31.47046965410364i, -6.79897621907414e-013 + 151.173575697477i, -1.248063215726434e-013 + 42.49322595229705i, 3.072496751485529e-013 + -67.13501096521777i, 1.661161809900832e-014 + 38.44583757847752i, -1.708808292099734e-013 + -255.4750514077807i, 4.184160252632873e-014 + 31.40516697086574i, 9.995156759592125e-014 + -52.53264688202359i, -5.314106050125199e-014 + 77.80916718720053i, -3.318813423688217e-013 + -122.5728248764511i, -2.581585966578643e-013 + 193.6527007674365i, -2.620588583187675e-014 + -18.8137360801751i, -3.031095316579438e-013 + 31.40516697087993i, 5.535726071892545e-013 + 185.801730848694i, -3.749881485445032e-013 + -179.8146111289625i, -7.2256521662748e-014 + -130.1544230353671i, 1.020955876137845e-012 + 205.0323365055482i, -3.628544396697445e-013 + -323.9304123817288i, 1.380004786878102e-013 + 31.47046965410183i, 2.100308717006176e-013 + -52.53264688205081i, -1.268330449597279e-012 + -179.8146111289639i, 1.229202398858403e-012 + 115.3258402412729i;
];
