% Matlab m-File from Maxwell project
f = zeros(1,1);
S = zeros(1,49);

f(1) = 3700000000;

S = [
0.1086974864412602 + -0.07738865148297217i, 0.06713538792635611 + 0.3892886713263267i, 0.4022486699189908 + -0.07358402803839631i, -0.07148028143255515 + -0.4045321494535274i, -0.4010776269507283 + 0.08148893083225775i, 0.1235481650234186 + 0.3836842325958825i, 0.3910293930581805 + -0.08534223205033932i, 0.06713538792642133 + 0.3892886713262951i, -0.3265085903639687 + -0.1332029187416796i, -0.1389581408526731 + -0.6957772193598111i, -0.1377900249332552 + -0.1230139931979908i, -0.1190093162502261 + 0.1403645100119439i, -0.2658879104143189 + 0.0626748453033021i, 0.03646724478474536 + 0.2687799572760809i, 0.4022486699191403 + -0.07358402803832935i, -0.1389581408527975 + -0.6957772193601177i, 0.2811533733865271 + 0.1366376916666533i, -0.1258839564100741 + 0.1439200664293809i, 0.1465428326038012 + 0.1217116375058445i, 0.0676698121498909 + 0.2745629181370393i, 0.2778319626520112 + -0.04057261229146651i, -0.07148028143260768 + -0.4045321494535363i, -0.1377900249332352 + -0.1230139931979772i, -0.125883956410059 + 0.143920066429313i, -0.7098387124605518 + -0.2200013888691443i, -0.2401211584075199 + -0.2829468961911865i, -0.1568635553476987 + -0.1045608567098752i, -0.1183653977766362 + 0.1450095831125455i, -0.4010776269507576 + 0.08148893083223457i, -0.1190093162502041 + 0.1403645100118931i, 0.1465428326037019 + 0.1217116375058217i, -0.2401211584075729 + -0.2829468961911991i, 0.7222110953933969 + 0.1816113524642874i, -0.1001452377920714 + 0.1588912118238256i, 0.1474365488451025 + 0.114195733629594i, 0.1235481650234687 + 0.3836842325959021i, -0.2658879104143445 + 0.06267484530329839i, 0.06766981214991412 + 0.2745629181369109i, -0.1568635553476802 + -0.1045608567098668i, -0.1001452377920875 + 0.1588912118237836i, -0.3245281464352653 + -0.05323529703370011i, -0.2555536753487929 + -0.6623133055309218i, 0.3910293930582396 + -0.0853422320503122i, 0.0364672447847073 + 0.2687799572761072i, 0.2778319626518894 + -0.04057261229147074i, -0.1183653977766096 + 0.1450095831125284i, 0.1474365488450616 + 0.1141957336295879i, -0.2555536753488374 + -0.6623133055309336i, 0.3179693722106178 + 0.11187488568502i;
];
Z = [
5.939429861969373e-013 + -1141.356239123518i, 1.594520798957332e-013 + 3.328134842498859i, 7.860868028543472e-013 + -474.6343593326965i, 7.624875564747144e-013 + -17.02058011230791i, -2.912858847075642e-013 + 523.4943224829858i, -8.118132605178466e-014 + 19.98275886232283i, 3.306666631281791e-013 + -508.6205933550558i, 4.726886677956763e-013 + 3.32813484240145i, 9.434413153609249e-014 + 0.3786798279418883i, 9.867502316662238e-014 + -94.85586997538049i, -2.25446625891513e-014 + 0.09014172127956907i, -9.610512092080826e-014 + -2.772448762122755i, 2.203544007037938e-014 + -0.03449431050465369i, 3.342608508562915e-013 + 0.8779833712672286i, 2.103285311192386e-012 + -474.6343593328099i, 9.900810055489984e-015 + -94.85586997538378i, 6.309741886841148e-013 + -84.38870242598239i, 5.564497870772519e-013 + -12.85535194696049i, -1.505581592267994e-012 + 395.3863033807841i, 3.353948280591809e-015 + 4.919337119465638i, 7.281272085782306e-013 + -125.2118299697321i, -3.798093093651932e-013 + -17.02058011226226i, -3.919273475325458e-014 + 0.09014172128096051i, -4.577089968840477e-014 + -12.85535194693126i, -1.122583883972994e-013 + 4.220619199350083i, 3.590095348772776e-013 + -108.147315043926i, 8.955877954129671e-014 + 0.5412686512405464i, -1.459617366004106e-013 + -13.77688632036752i, 1.064156507028803e-012 + 523.494322483103i, 1.702637354013245e-014 + -2.772448762170417i, -8.617154388410382e-013 + 395.3863033806912i, 2.697615322532391e-013 + -108.147315043913i, -2.357018394815317e-012 + 149.3355378388872i, 1.206845006681302e-014 + -16.64755839414701i, -2.182339650168008e-013 + 423.7295538376892i, -4.528078050809595e-013 + 19.98275886227017i, -4.312283701244228e-014 + -0.03449431050616846i, -4.75531920450281e-014 + 4.919337119446981i, -7.608464931529405e-014 + 0.5412686512405363i, 5.537347142865682e-013 + -16.64755839411799i, -1.482959896232154e-013 + 18.42174308513193i, 3.23896198980724e-013 + -103.8873140718153i, -1.720640050120407e-016 + -508.6205933550708i, 1.048213510666383e-013 + 0.8779833713114705i, 2.463248383661678e-013 + -125.21182996974i, 3.999871725003465e-013 + -13.77688632038731i, 6.58106458070814e-014 + 423.7295538376228i, -3.067979982225826e-013 + -103.8873140717974i, 1.385607330564163e-013 + -78.47487730256175i;
];
