% Matlab m-File from Maxwell project
f = zeros(1,1);
S = zeros(1,49);

f(1) = 3700000000;

S = [
0.1077479630738358 + -0.07711594391931832i, 0.05998182257452156 + 0.3895801681171158i, 0.4048172160878466 + -0.07169616417430356i, -0.06677368143913187 + -0.4040637875973008i, -0.4014415863525179 + 0.0874470615879691i, 0.1133791737562715 + 0.3851914257810436i, 0.3909119880759104 + -0.08653094270955775i, 0.05998182257541301 + 0.389580168117616i, -0.3302421575997305 + -0.1272132633303333i, -0.1434911789676255 + -0.6954857747501402i, -0.134964172546457 + -0.1246973031218105i, -0.1180732881887546 + 0.1415629374367611i, -0.2662164359608135 + 0.0549215325872662i, 0.03648816198767916 + 0.2685723958761666i, 0.4048172160874 + -0.07169616417385502i, -0.143491178968224 + -0.6954857747497277i, 0.277353780457309 + 0.1256123266818901i, -0.1268550163933766 + 0.1436601462486538i, 0.1503852629452457 + 0.1197929611669499i, 0.06352178402899639 + 0.2763012465490478i, 0.2791908812346898 + -0.04435613166460887i, -0.06677368143898617 + -0.4040637875972691i, -0.1349641725460246 + -0.1246973031216862i, -0.1268550163933868 + 0.1436601462489129i, -0.7101813191617697 + -0.2200511948137148i, -0.2482300990677734 + -0.2784383916569404i, -0.1531361417799794 + -0.1075930739856126i, -0.1174709322861197 + 0.1450035553363117i, -0.4014415863523708 + 0.08744706158776061i, -0.1180732881886117 + 0.1415629374362683i, 0.1503852629454474 + 0.1197929611668828i, -0.2482300990676991 + -0.2784383916568473i, 0.7271125177987923 + 0.1486974775057247i, -0.100012335907436 + 0.1588999650974498i, 0.1512540834446554 + 0.1103226145562443i, 0.1133791737548578 + 0.3851914257808989i, -0.2662164359617375 + 0.05492153258666245i, 0.06352178402897077 + 0.2763012465493585i, -0.1531361417794243 + -0.1075930739855938i, -0.1000123359074921 + 0.1588999650969359i, -0.3235847036078185 + -0.06049254651892237i, -0.2535159950207332 + -0.6645241793938804i, 0.3909119880772239 + -0.08653094271109665i, 0.03648816198814172 + 0.2685723958762228i, 0.2791908812341254 + -0.04435613166556751i, -0.1174709322866889 + 0.1450035553369522i, 0.1512540834453689 + 0.1103226145568408i, -0.2535159950199085 + -0.6645241793952011i, 0.3162333379415748 + 0.1028692586166252i;
];
Z = [
-1.107185000988699e-012 + -1066.870539564258i, -3.286627336969395e-013 + 8.320250537369192i, -1.156791822253572e-012 + -429.8967274949073i, 2.169564488063598e-013 + -29.45014596404501i, 2.361441779299381e-012 + 516.6646823552248i, -3.751834793276113e-013 + 24.2765666639987i, 9.604027935087737e-013 + -461.35700159562i, 6.686899029033164e-014 + 8.320250536816754i, -1.393757830996916e-014 + 1.581860584445373i, -3.037846934248114e-013 + -93.71081748528253i, -1.619194292859885e-014 + 0.4475001211205706i, -7.700615849332688e-014 + -7.850809922811005i, -9.513838135639308e-015 + -0.0917523641461221i, -2.448695058126074e-014 + 1.743680763142827i, 4.578771608302307e-013 + -429.8967274957333i, 3.566490081245367e-013 + -93.71081748503491i, -6.918121346903716e-013 + -52.46558140075038i, 4.733394251664374e-013 + -23.12175911692437i, 3.053503845220662e-014 + 405.6413109800002i, -2.205188916910845e-013 + 4.740728395086226i, -1.54457050370872e-013 + -90.09377595163163i, 2.420997456447137e-013 + -29.4501459639444i, -3.18764160735313e-014 + 0.4475001211474964i, 2.449308565638183e-013 + -23.12175911685511i, -1.089908665774036e-013 + 7.094813431095684i, -2.493458261726631e-013 + -112.7309680404178i, 3.951387419200351e-014 + 1.305628318142181i, 2.195153853925569e-013 + -24.81244130412781i, 2.574200613460005e-012 + 516.6646823537026i, 2.433018896039355e-013 + -7.850809923263659i, 1.431442070205284e-012 + 405.6413109787922i, -4.618721384284701e-014 + -112.7309680403661i, -4.072473851889999e-013 + 180.8500056177836i, 2.022977617097967e-013 + -22.90555771639983i, -3.397940881817015e-014 + 435.3021430386525i, -3.956988459888542e-013 + 24.27656666547949i, -4.259393837324596e-014 + -0.09175236418146777i, -2.97874031269176e-013 + 4.740728395754982i, -7.41960447691011e-014 + 1.305628318201402i, 1.406361271386949e-013 + -22.90555771744902i, 4.755345316732389e-014 + 18.23303883101589i, -2.356995186541591e-013 + -104.057288641162i, 4.059989459256575e-013 + -461.3570015975689i, -2.146700366956292e-013 + 1.743680763436454i, -4.624082770396671e-013 + -90.09377595210054i, 3.971723436328737e-013 + -24.81244130424388i, 6.168416355736028e-013 + 435.3021430407137i, -3.152579153068679e-013 + -104.0572886418934i, -7.147678938341173e-014 + -41.89308087368494i;
];
