% Matlab m-File from Maxwell project
f = zeros(1,1);
S = zeros(1,49);

f(1) = 3700000000;

S = [
0.09665706461312563 + -0.06024164684835886i, 0.3730537535503317 + 0.1615167774678742i, 0.1636303014482136 + -0.3663917523788572i, -0.3769679493434412 + -0.1723812064548394i, -0.1567493420698668 + 0.3741504542814551i, 0.3835574295556253 + 0.125209169406955i, 0.1566240593890686 + -0.3702026795426541i, 0.3730537535503345 + 0.1615167774678677i, -0.1323216677297403 + 0.3685629995046318i, -0.6132872098586887 + 0.2850991277324852i, -0.0623992857985669 + 0.1761409924485393i, 0.1742534255674171 + 0.05549195657981372i, 0.1638505831139558 + 0.2264040447618848i, 0.2385612652224316 + -0.1435708494153178i, 0.1636303014481889 + -0.3663917523789i, -0.613287209858725 + 0.2850991277324759i, 0.1334857762744813 + -0.3814627813292172i, 0.1731518631487606 + 0.06357705398399088i, 0.0567380388991654 + -0.1713667151690447i, 0.2253154661335091 + -0.1591705382480012i, -0.1390167367805779 + -0.2370861648393199i, -0.376967949343422 + -0.1723812064549102i, -0.06239928579854631 + 0.1761409924485106i, 0.1731518631487165 + 0.06357705398397191i, -0.07456198286027564 + 0.7734566911855229i, -0.2065988127081233 + 0.208489150122791i, -0.04510241760628608 + 0.1809447087928882i, 0.1758216790700295 + 0.06002448775925139i, -0.1567493420699061 + 0.3741504542814939i, 0.1742534255674188 + 0.05549195657980521i, 0.05673803889915195 + -0.1713667151690302i, -0.2065988127081423 + 0.2084891501227737i, 0.01540571399527938 + -0.7852773079411514i, 0.178407793253986 + 0.03842210582988476i, 0.05317913099558907 + -0.1738663602388337i, 0.3835574295556787 + 0.1252091694070717i, 0.1638505831139569 + 0.2264040447619346i, 0.2253154661335512 + -0.1591705382479902i, -0.04510241760629196 + 0.1809447087928579i, 0.1784077932539422 + 0.03842210582987923i, -0.04920261501878682 + 0.387993572348408i, -0.5747192729529576 + 0.3628433142506736i, 0.1566240593889988 + -0.3702026795428693i, 0.2385612652224433 + -0.143570849415407i, -0.1390167367806281 + -0.2370861648393298i, 0.1758216790700512 + 0.06002448775935814i, 0.05317913099567613 + -0.1738663602388437i, -0.5747192729530367 + 0.3628433142506251i, 0.1115748145984422 + -0.3786543615746598i;
];
Z = [
1.207317346960934e-012 + 179.0536623353691i, 7.813230647278686e-014 + 152.3949797310812i, -5.539441298457482e-014 + -128.7743672669982i, -5.308169608131911e-013 + -139.6196639872791i, -4.567655495046483e-013 + 116.4570631149669i, 4.666260946910206e-013 + 137.1292178542222i, -1.349530429539376e-013 + -99.53533927834857i, 6.831774750791744e-013 + 152.3949797310824i, -2.109026523416696e-013 + 23.65139407596104i, 4.548616185283236e-013 + 78.40994951295828i, -1.62333038108824e-013 + -30.90900925608812i, -1.059476576369662e-013 + 25.78127095891225i, 4.927270073408785e-013 + 137.56754429264i, -3.55737924665165e-013 + -99.85350171529564i, 1.174635825490383e-013 + -128.7743672670085i, -1.884726474045496e-014 + 78.40994951295875i, 1.256291652176539e-014 + -151.8913185906814i, 1.122434159384774e-014 + 26.11823705650322i, 1.619210421301998e-013 + -21.78527758585672i, 1.168082527624646e-013 + -116.2451239079802i, -1.037944083622657e-013 + 84.37660742930261i, -6.991695397888779e-013 + -139.6196639872986i, -6.855636275513516e-014 + -30.90900925610333i, 4.406518968422176e-014 + 26.11823705651327i, 9.332161694452883e-014 + 113.3304868163207i, -4.894306743022098e-014 + 3.44564211731851i, -2.175014388891642e-013 + -27.54640743128188i, 9.101629157371201e-014 + 19.99457756418448i, 1.162304393251446e-013 + 116.4570631149979i, 9.768735672122594e-015 + 25.78127095892929i, -8.42424258229686e-014 + -21.78527758586817i, 3.989276145012057e-014 + 3.445642117312185i, -2.492833077220358e-014 + -87.29654921202557i, 8.198524039022865e-014 + 22.97651771154542i, -9.582721410341372e-014 + -16.6775201679818i, 4.039907397629053e-013 + 137.1292178542792i, -1.547666938344371e-013 + 137.5675442926813i, 7.184494691263329e-014 + -116.2451239080056i, -1.36844380255991e-013 + -27.54640743131085i, -9.591427023720965e-014 + 22.9765177115616i, 1.634326849509564e-013 + 16.14251511791116i, -2.283002378681381e-013 + 100.0592187728027i, -5.581167861952533e-013 + -99.53533927843064i, 4.624696692410308e-014 + -99.85350171535696i, -6.47358258607709e-014 + 84.37660742934511i, 1.03872763545837e-013 + 19.99457756423357i, 3.776487692621787e-014 + -16.67752016801665i, -1.337566037106313e-013 + 100.0592187727821i, 1.05058896480343e-013 + -158.5600467256633i;
];
