% Matlab m-File from Maxwell project
f = zeros(1,1);
S = zeros(1,49);

f(1) = 3700000000;

S = [
0.1076528955290939 + -0.08102773968053359i, 0.123722943753017 + 0.3828786213868888i, 0.389684015268615 + -0.09456391436050274i, -0.07561609880098608 + -0.4012847050409221i, -0.3985494995879547 + 0.09503196662748367i, 0.06379783226259113 + 0.3886584326542494i, 0.4043210933506842 + -0.07697346232218816i, 0.1237229437530136 + 0.382878621386892i, -0.3288740560663212 + -0.05931766673188681i, -0.26332993633592 + -0.6577454253395189i, -0.1576095889614942 + -0.1018110356048793i, -0.09447746048069476 + 0.1628432580778747i, -0.263833100598 + 0.06251824081340433i, 0.07232019961748631 + 0.2739549794876257i, 0.3896840152686144 + -0.09456391436050544i, -0.2633299363359214 + -0.6577454253395226i, 0.321064990462083 + 0.106003243092157i, -0.1128688657867181 + 0.1490841118729684i, 0.1548292297224229 + 0.1059687930069833i, 0.04256612369635533 + 0.2668364736499859i, 0.2776225984601844 + -0.05155680649269329i, -0.07561609880098023 + -0.4012847050409303i, -0.1576095889614974 + -0.1018110356048853i, -0.1128688657867185 + 0.1490841118729744i, -0.7185950379351709 + -0.2088691861737464i, -0.2433179586663864 + -0.2708212161163399i, -0.1376095164196817 + -0.1215587594416408i, -0.1233314644216122 + 0.1469849707044593i, -0.3985494995879559 + 0.0950319666274911i, -0.09447746048069676 + 0.1628432580778781i, 0.1548292297224286 + 0.1059687930069821i, -0.2433179586663568 + -0.2708212161163356i, 0.7335159871970951 + 0.1410111588329111i, -0.1152283828493698 + 0.1437459498566763i, 0.1532272675706174 + 0.1165553287076104i, 0.0637978322625891 + 0.3886584326542538i, -0.263833100597999 + 0.06251824081340411i, 0.04256612369635102 + 0.2668364736499795i, -0.1376095164196903 + -0.1215587594416356i, -0.115228382849371 + 0.1437459498566779i, -0.331796486800655 + -0.1305357825977981i, -0.1443718187751225 + -0.6947800621741044i, 0.4043210933506705 + -0.07697346232218554i, 0.07232019961748662 + 0.2739549794876308i, 0.2776225984601844 + -0.05155680649269329i, -0.1233314644216071 + 0.1469849707044584i, 0.1532272675706126 + 0.1165553287076084i, -0.1443718187751203 + -0.6947800621740936i, 0.2771644094363839 + 0.127765204275626i;
];
Z = [
-5.907969410221483e-014 + -994.1226481682575i, 1.736343214290615e-013 + 23.35061904098135i, -2.694305396114916e-013 + -431.1036146132012i, 3.970107462623238e-013 + -28.16052780557977i, 1.379532401097508e-012 + 487.0580461254725i, -1.474425926095909e-013 + 7.932479280802619i, -1.165925257128809e-012 + -399.3182889335146i, -2.960449881804484e-013 + 23.35061904098401i, -5.097163863622381e-015 + 19.26510632664831i, 1.0873867723299e-014 + -105.3558217516425i, -1.044709119323324e-014 + 1.36187309648894i, -8.484712417728079e-014 + -23.55464540577542i, 2.472153350756584e-014 + -0.07792981849305372i, -9.444242198595622e-014 + 3.922957321696794i, 5.140275675150044e-013 + -431.1036146131996i, 1.208968516037427e-013 + -105.3558217516446i, -1.525942677087221e-013 + -19.11455830464499i, 3.199783614454748e-013 + -25.14315970456239i, 8.631002718324216e-013 + 434.870336071172i, -1.314359786521052e-013 + 1.438756050446746i, -1.999706467179859e-013 + -72.42643120461963i, -1.939702007263571e-013 + -28.16052780559085i, 6.434706160773177e-014 + 1.361873096489271i, -1.743833579402321e-013 + -25.14315970457092i, -1.213059036324542e-013 + 7.710785109673365i, -3.209061496859269e-013 + -115.1535001153439i, 5.190386121539388e-014 + 0.4625911548176405i, -3.06706753138604e-013 + -23.28668441367382i, -1.087810383040339e-012 + 487.0580461254755i, 7.259930204321643e-014 + -23.55464540577594i, -1.17771314575371e-012 + 434.8703360711796i, 7.816295297793686e-013 + -115.1535001153411i, 1.116751076206021e-013 + 219.6644695653485i, 9.767372542936106e-014 + -8.000870752082838i, -6.251971646685483e-014 + 402.7611645301189i, 8.921906475776816e-014 + 7.932479280804708i, -3.066342096926073e-014 + -0.07792981849274511i, 1.000816746826844e-013 + 1.438756050445617i, -1.453503000487826e-013 + 0.462591154817699i, 2.200189424485438e-013 + -8.000870752083552i, -9.868159214602111e-014 + 1.40378968927678i, 2.275940124772279e-013 + -93.87132176898847i, -5.547776435681058e-013 + -399.318288933504i, 9.763071946726826e-014 + 3.922957321695697i, -3.101264278093953e-013 + -72.42643120461567i, 2.684684602519544e-013 + -23.28668441366511i, 1.799752222875528e-012 + 402.7611645301073i, -3.238343053234322e-014 + -93.87132176898713i, -3.620551224120843e-013 + -34.38940682343355i;
];
