% Matlab m-File from Maxwell project
f = zeros(1,1);
S = zeros(1,49);

f(1) = 3700000000;

S = [
0.1088760616994766 + -0.07809045087380245i, 0.2918260178315885 + 0.2766321590211761i, 0.3255739554336957 + -0.2378365166488909i, -0.297033359659919 + -0.2843376770794844i, -0.3220587437459546 + 0.2474587210753533i, 0.3217589020494099 + 0.2437932342581907i, 0.3167851185464023 + -0.2458543707297084i, 0.2918260178315318 + 0.2766321590211631i, -0.2063269423051 + 0.2564646590860443i, -0.6875187314520981 + -0.1856837211031502i, -0.16083458336386 + 0.09844182855895589i, 0.07204600144632277 + 0.1717604304471185i, -0.02206086485202593 + 0.2762278160179736i, 0.2593087593103445 + 0.09233902581130672i, 0.3255739554336443 + -0.2378365166488577i, -0.6875187314520821 + -0.1856837211031714i, 0.2821917009565487 + -0.1631797956062037i, 0.06802871124420756 + 0.1764184845925717i, 0.1824247000275948 + -0.04002041067848169i, 0.2684543783993305 + 0.07167404342520369i, 0.137931377012352 + -0.2390676901441312i, -0.2970333596599966 + -0.2843376770792804i, -0.1608345833638523 + 0.09844182855895885i, 0.06802871124418401 + 0.176418484592598i, -0.4199168173538376 + 0.611028199648993i, -0.3626203358513408 + 0.0864701653776862i, -0.1494629366379744 + 0.1156582767735126i, 0.07244226777192585 + 0.1731855775056108i, -0.3220587437459252 + 0.247458721075134i, 0.07204600144629134 + 0.1717604304470688i, 0.1824247000275271 + -0.04002041067845915i, -0.3626203358514861 + 0.0864701653779348i, 0.5828874855769193 + -0.4663826627548625i, 0.09055680724346932 + 0.1632340412991923i, 0.1799287136878317 + -0.0448133314702184i, 0.3217589020493741 + 0.2437932342581601i, -0.02206086485203811 + 0.2762278160179748i, 0.2684543783993222 + 0.07167404342519596i, -0.1494629366380061 + 0.1156582767734913i, 0.09055680724353692 + 0.1632340412992463i, -0.1580128525432618 + 0.2872647493289673i, -0.7035385793947742 + -0.1001255888112542i, 0.3167851185463446 + -0.2458543707296326i, 0.2593087593103577 + 0.09233902581127569i, 0.1379313770123717 + -0.2390676901440979i, 0.07244226777193247 + 0.1731855775055451i, 0.1799287136878973 + -0.0448133314702651i, -0.7035385793947088 + -0.1001255888112449i, 0.2844164388650874 + -0.1781818830618814i;
];
Z = [
-1.089195648212344e-013 + -139.017431647727i, 5.809596689444421e-013 + 68.59447318958642i, -6.668948047874833e-013 + -120.7511296067842i, 4.800202025014424e-013 + -90.41207472142162i, 1.337829468735456e-014 + 150.9768923772026i, 1.458580744499327e-013 + 116.0882265495722i, 2.345460409096263e-013 + -180.297376979268i, 3.294792167420232e-013 + 68.59447318959312i, -2.076400456383874e-014 + 178.3256650252097i, 6.921633962877613e-014 + -181.3787058723448i, 1.395214130215658e-013 + -16.55702446875679i, 1.006908218172081e-013 + 27.6481650044029i, -3.43096866416811e-013 + -118.5249999357874i, 1.429388475920504e-013 + 184.0819463335784i, -2.508582622160829e-013 + -120.7511296067692i, 4.262644508901463e-013 + -181.3787058723616i, -3.811952606095881e-013 + 124.9096307546398i, -1.945282294837988e-013 + 29.14635726924457i, 3.975159339922366e-014 + -48.6707799728907i, 2.031761219772561e-013 + 208.6469517158892i, 5.417340899568717e-013 + -324.0509342928409i, 1.337680084519976e-013 + -90.41207472134387i, -3.383300588538474e-013 + -16.55702446875266i, 2.65561231335056e-013 + 29.14635726924513i, 1.325073528526242e-013 + 54.16368244108084i, -3.695005767330384e-013 + 38.72463482757453i, 3.067430545165418e-013 + -27.86342100574188i, -5.585669702724061e-013 + 43.2748530506017i, -3.182207759082682e-013 + 150.9768923771299i, 2.62328934288966e-013 + 27.64816500438689i, -1.673305511936442e-013 + -48.67077997286329i, -3.965600260537739e-013 + 38.7246348276413i, 6.948656833103006e-014 + -256.457719906603i, 6.150485658623407e-014 + 46.52844088458902i, 2.54773430349341e-013 + -72.26361191535965i, 4.606345111349892e-013 + 116.0882265495275i, 1.601020937389184e-013 + -118.5249999357885i, -2.463215578695097e-014 + 208.646951715877i, -1.037030459901901e-013 + -27.86342100575337i, 5.972173677052923e-014 + 46.52844088463103i, 1.271860010000212e-013 + 227.4051682574852i, 2.924906010556696e-013 + -200.9164407145008i, -4.549619935413407e-013 + -180.2973769791824i, -3.634012469936487e-014 + 184.0819463335524i, -1.340658970940442e-014 + -324.0509342927937i, 5.963547952521239e-014 + 43.27485305060444i, 5.393101567194227e-014 + -72.26361191542202i, -1.405685033719261e-013 + -200.9164407144712i, -1.50237308907622e-013 + 113.2489736277016i;
];
