% Matlab m-File from Maxwell project
f = zeros(1,1);
S = zeros(1,49);

f(1) = 3700000000;

S = [
0.1024926273088524 + -0.0575689149765204i, 0.3714237844352861 + 0.1689299934629948i, 0.163811604665094 + -0.3610281328152023i, -0.3804141524940123 + -0.1663474789654123i, -0.1498459511854484 + 0.3775551304478397i, 0.4041738935298913 + -0.00389906180710731i, 0.1466865971948044 + -0.3744806577814498i, 0.3714237844352749 + 0.1689299934630124i, -0.1569900101323611 + 0.354281299664671i, -0.619722602035327 + 0.2729664014527355i, -0.06405243762959254 + 0.176827863544497i, 0.1750522628108958 + 0.05667707893777235i, 0.2254607904175146 + 0.1653212533878757i, 0.2364164531297115 + -0.1466163328672593i, 0.1638116046650671 + -0.361028132815198i, -0.6197226020353098 + 0.2729664014527148i, 0.1406006304752143 + -0.3902425652534895i, 0.1718644353327643 + 0.06208038440720304i, 0.05491591840391491 + -0.1701328132854063i, 0.1604323764320681 + -0.2192050993768645i, -0.1426605110230571 + -0.2295782083629054i, -0.3804141524940134 + -0.1663474789654049i, -0.06405243762961617 + 0.1768278635444948i, 0.1718644353327671 + 0.06208038440719829i, -0.06291991852613296 + 0.7741667831445678i, -0.2034076792391862 + 0.210946173744575i, 0.01710590538078812 + 0.1863425790779336i, 0.1783447626150663 + 0.053500494207912i, -0.1498459511854524 + 0.3775551304478306i, 0.1750522628108926 + 0.05667707893778214i, 0.05491591840389407 + -0.1701328132854078i, -0.2034076792391802 + 0.2109461737445613i, 1.08945889795323e-006 + -0.7852443524401482i, 0.1816239814872986 + -0.02299712808341574i, 0.04630868059857974 + -0.1761803010035958i, 0.4041738935298883 + -0.003899061807111584i, 0.2254607904175157 + 0.1653212533878656i, 0.1604323764320707 + -0.2192050993768688i, 0.01710590538079183 + 0.1863425790779312i, 0.1816239814873025 + -0.02299712808340918i, 0.184135346465116 + 0.3592601819000915i, -0.4217045047606854 + 0.52472321512218i, 0.1466865971948096 + -0.3744806577814402i, 0.2364164531297063 + -0.1466163328672601i, -0.1426605110230557 + -0.2295782083629122i, 0.1783447626150614 + 0.05350049420790376i, 0.04630868059858682 + -0.1761803010035939i, -0.4217045047606854 + 0.52472321512218i, 0.1130648219448205 + -0.3924207821183631i;
];
Z = [
7.15644143599278e-013 + 245.1964280656162i, 2.881229691649142e-014 + 213.1351660315177i, 2.405843167083175e-013 + -182.7897876348578i, -2.456484126354057e-013 + -153.8282801648528i, 2.809295741579789e-013 + 126.3061657263116i, 5.624741918308306e-013 + 150.666909964921i, -4.768633019240667e-013 + -55.81299474263347i, 4.480418278888866e-013 + 213.1351660315188i, -4.672541548151265e-013 + 81.19531767137593i, 6.435407841739844e-013 + 26.19563335061836i, -1.127673668395511e-013 + -43.26330746351118i, 8.673745795562105e-014 + 35.52287297885604i, 4.124309559805553e-013 + 148.8496095341041i, -5.615500084392403e-013 + -55.13979753241696i, 4.422385435001557e-013 + -182.7897876348568i, 4.200415309338263e-013 + 26.19563335061221i, -2.979937557993886e-013 + -109.5051726952028i, -2.913187708285336e-014 + 37.10364181963164i, 1.181368608520921e-013 + -30.46526104332207i, 1.702717551143042e-013 + -127.6569649351073i, 2.193659104429091e-013 + 47.2892016477889i, 1.246949036885463e-013 + -153.8282801648579i, 8.995460549070874e-014 + -43.26330746351415i, -1.299353145139272e-013 + 37.10364181962961i, 2.721442928005732e-014 + 117.9861753257094i, -1.398884176598354e-013 + 0.9464825490374432i, 5.506080243161119e-014 + -30.41224460436362i, 1.058090319419343e-013 + 11.26590012513803i, -4.077655475714994e-014 + 126.3061657263127i, -9.587472609496024e-014 + 35.52287297885499i, 1.102566854339661e-013 + -30.46526104331716i, -2.921508367268493e-014 + 0.9464825490372112i, -2.447148658756826e-014 + -83.64648144947969i, 8.665130422142544e-014 + 24.97105218172195i, -1.974207595356609e-013 + -9.250266907680706i, 9.027315856746748e-013 + 150.6669099649185i, 5.39624293137609e-013 + 148.8496095340991i, -3.68745776720522e-013 + -127.6569649351041i, -1.630002253327213e-013 + -30.4122446043589i, 1.836481026120628e-013 + 24.9710521817204i, 7.153093175357187e-013 + 57.77380416454952i, 4.644385158202211e-014 + 107.2763979334419i, -7.498354810426571e-014 + -55.81299474263007i, -2.644544338875586e-013 + -55.13979753241353i, 2.034278721686815e-013 + 47.28920164778629i, -8.654577351464853e-016 + 11.26590012513491i, -1.003853773267024e-013 + -9.250266907679302i, -4.972874614855649e-013 + 107.2763979334432i, -9.804653797622915e-014 + -124.4223582436989i;
];
