% Matlab m-File exported from HFSS13.0.2 
% Note: In three-dimensional arrays, like S(i,j,k), the first index corresponds to the frequency.
%       So, S(N,j,k) is an S(j,k) matrix for frequency N.

f = zeros(1,1);
S = zeros(1,19,19);
Zo = zeros(1,19);

f = [3700000000 ];
S(1,:,:) = [    7.093709E-002 +    5.992646E-002i,    2.069020E-001 -    9.556898E-002i,   -9.582015E-002 -    2.084551E-001i,   -2.041836E-001 +    9.858181E-002i,    1.009520E-001 +    2.066009E-001i,    1.833858E-001 -    1.326575E-001i,   -1.378921E-001 -    1.857822E-001i,   -2.186966E-001 +    1.029767E-001i,    1.098017E-001 +    2.149782E-001i,    2.155225E-001 -    1.083713E-001i,   -1.162673E-001 -    2.119068E-001i,   -1.941326E-001 +    1.429507E-001i,    1.521565E-001 +    1.885512E-001i,    1.954306E-001 -    1.165483E-001i,   -1.365230E-001 -    1.836496E-001i,   -1.922068E-001 +    1.197184E-001i,    1.403749E-001 +    1.792774E-001i,    1.695539E-001 -    1.510165E-001i,   -1.706754E-001 -    1.518933E-001i;   2.069020E-001 -    9.556898E-002i,    5.968808E-001 +    2.951225E-001i,    2.983491E-001 +    3.978934E-001i,    2.033155E-001 -    1.468292E-001i,   -1.498778E-001 -    2.054900E-001i,   -8.093243E-002 -    1.581866E-001i,   -1.606734E-001 +    8.470631E-002i,    1.197271E-002 +    4.916336E-002i,    4.868620E-002 -    1.352808E-002i,   -1.321189E-002 -    4.873802E-002i,   -4.832673E-002 +    1.498265E-002i,    2.119910E-002 +    4.579732E-002i,    4.503764E-002 -    2.332073E-002i,    6.279532E-002 -    2.910184E-002i,   -3.551592E-002 -    5.986055E-002i,   -6.191989E-002 +    3.016245E-002i,    3.681900E-002 +    5.865922E-002i,    5.605285E-002 -    4.034473E-002i,   -4.684853E-002 -    5.132940E-002i;  -9.582015E-002 -    2.084551E-001i,    2.983491E-001 +    3.978934E-001i,   -5.909748E-001 -    3.019753E-001i,   -1.474279E-001 -    2.049399E-001i,   -2.071346E-001 +    1.504926E-001i,   -1.593886E-001 +    8.117676E-002i,    8.497111E-002 +    1.618990E-001i,    4.951246E-002 -    1.196101E-002i,   -1.352761E-002 -    4.903502E-002i,   -4.908660E-002 +    1.320922E-002i,    1.499252E-002 +    4.867586E-002i,    4.614117E-002 -    2.125500E-002i,   -2.339214E-002 -    4.538039E-002i,   -2.917871E-002 -    6.326687E-002i,   -6.032449E-002 +    3.564089E-002i,    3.024800E-002 +    6.238759E-002i,    5.911760E-002 -    3.695486E-002i,   -4.050887E-002 -    5.650044E-002i,   -5.175767E-002 +    4.706468E-002i;  -2.041836E-001 +    9.858181E-002i,    2.033155E-001 -    1.468292E-001i,   -1.474279E-001 -    2.049399E-001i,    7.472329E-001 -    1.235057E-001i,    6.342536E-002 +    2.299215E-001i,    1.702151E-001 -    1.823771E-001i,   -1.885471E-001 -    1.716968E-001i,   -1.274535E-002 -    4.869996E-002i,   -4.819888E-002 +    1.428438E-002i,    1.397075E-002 +    4.825580E-002i,    4.781657E-002 -    1.572516E-002i,   -2.186575E-002 -    4.519483E-002i,   -4.440310E-002 +    2.396324E-002i,   -6.196864E-002 +    3.001574E-002i,    3.634602E-002 +    5.894032E-002i,    6.107980E-002 -    3.105585E-002i,   -3.762178E-002 -    5.772318E-002i,   -5.507064E-002 +    4.108457E-002i,    4.747368E-002 +    5.026157E-002i;   1.009520E-001 +    2.066009E-001i,   -1.498778E-001 -    2.054900E-001i,   -2.071346E-001 +    1.504926E-001i,    6.342536E-002 +    2.299215E-001i,   -7.400594E-001 +    1.281280E-001i,   -1.857704E-001 -    1.717516E-001i,   -1.732247E-001 +    1.920347E-001i,   -4.932797E-002 +    1.315834E-002i,    1.471675E-002 +    4.881245E-002i,    4.887168E-002 -    1.439896E-002i,   -1.617609E-002 -    4.841785E-002i,   -4.572968E-002 +    2.239101E-002i,    2.451439E-002 +    4.491673E-002i,    3.073644E-002 +    6.270183E-002i,    5.960042E-002 -    3.714180E-002i,   -3.178702E-002 -    6.179545E-002i,   -5.835997E-002 +    3.842979E-002i,    4.192889E-002 +    5.565336E-002i,    5.074573E-002 -    4.838540E-002i;   1.833858E-001 -    1.326575E-001i,   -8.093243E-002 -    1.581866E-001i,   -1.593886E-001 +    8.117676E-002i,    1.702151E-001 -    1.823771E-001i,   -1.857704E-001 -    1.717516E-001i,    6.679621E-001 +    4.069976E-002i,    4.292307E-001 +    2.498947E-001i,    2.105861E-002 +    4.562616E-002i,    4.486406E-002 -    2.248328E-002i,   -2.218504E-002 -    4.497495E-002i,   -4.423590E-002 +    2.383220E-002i,    2.940742E-002 +    4.058345E-002i,    3.943786E-002 -    3.132999E-002i,    5.563969E-002 -    4.035586E-002i,   -4.604626E-002 -    5.155444E-002i,   -5.458394E-002 +    4.122228E-002i,    4.708674E-002 +    5.013477E-002i,    4.692126E-002 -    5.002497E-002i,   -5.546116E-002 -    4.107568E-002i;  -1.378921E-001 -    1.857822E-001i,   -1.606734E-001 +    8.470631E-002i,    8.497111E-002 +    1.618990E-001i,   -1.885471E-001 -    1.716968E-001i,   -1.732247E-001 +    1.920347E-001i,    4.292307E-001 +    2.498947E-001i,   -6.584751E-001 -    4.377877E-002i,    4.637209E-002 -    2.209655E-002i,   -2.354320E-002 -    4.557526E-002i,   -4.569235E-002 +    2.323974E-002i,    2.491411E-002 +    4.491629E-002i,    4.111313E-002 -    3.056694E-002i,   -3.251770E-002 -    3.991808E-002i,   -4.194641E-002 -    5.636539E-002i,   -5.211841E-002 +    4.771155E-002i,    4.281878E-002 +    5.527542E-002i,    5.065428E-002 -    4.875727E-002i,   -5.172026E-002 -    4.733281E-002i,   -4.128972E-002 +    5.720351E-002i;  -2.186966E-001 +    1.029767E-001i,    1.197271E-002 +    4.916336E-002i,    4.951246E-002 -    1.196101E-002i,   -1.274535E-002 -    4.869996E-002i,   -4.932797E-002 +    1.315834E-002i,    2.105861E-002 +    4.562616E-002i,    4.637209E-002 -    2.209655E-002i,    6.843523E-001 +    2.425328E-001i,    3.669488E-001 +    2.890940E-001i,    1.195365E-001 -    1.841789E-001i,   -1.887213E-001 -    1.130675E-001i,   -2.781692E-002 -    1.541298E-001i,   -1.535091E-001 +    3.478312E-002i,    1.701079E-002 +    4.755714E-002i,    4.584706E-002 -    2.186592E-002i,   -1.783934E-002 -    4.699081E-002i,   -4.505986E-002 +    2.289217E-002i,    2.562644E-002 +    4.339804E-002i,    4.039389E-002 -    3.066469E-002i;   1.098017E-001 +    2.149782E-001i,    4.868620E-002 -    1.352808E-002i,   -1.352761E-002 -    4.903502E-002i,   -4.819888E-002 +    1.428438E-002i,    1.471675E-002 +    4.881245E-002i,    4.486406E-002 -    2.248328E-002i,   -2.354320E-002 -    4.557526E-002i,    3.669488E-001 +    2.890940E-001i,   -6.998259E-001 -    1.971052E-001i,   -1.876677E-001 -    1.133991E-001i,   -1.067965E-001 +    1.919939E-001i,   -1.529458E-001 +    3.271144E-002i,    3.964455E-002 +    1.521026E-001i,    4.692131E-002 -    1.850509E-002i,   -2.329615E-002 -    4.505862E-002i,   -4.632946E-002 +    1.931390E-002i,    2.429520E-002 +    4.423997E-002i,    4.249353E-002 -    2.697097E-002i,   -3.190328E-002 -    3.933335E-002i;   2.155225E-001 -    1.083713E-001i,   -1.321189E-002 -    4.873802E-002i,   -4.908660E-002 +    1.320922E-002i,    1.397075E-002 +    4.825580E-002i,    4.887168E-002 -    1.439896E-002i,   -2.218504E-002 -    4.497495E-002i,   -4.569235E-002 +    2.323974E-002i,    1.195365E-001 -    1.841789E-001i,   -1.876677E-001 -    1.133991E-001i,    7.896122E-001 -    2.052701E-001i,    1.005567E-001 +    1.529754E-001i,    8.145151E-002 -    2.033711E-001i,   -2.078070E-001 -    7.273230E-002i,   -1.819667E-002 -    4.700568E-002i,   -4.517447E-002 +    2.299617E-002i,    1.900865E-002 +    4.641933E-002i,    4.436268E-002 -    2.399970E-002i,   -2.668463E-002 -    4.263429E-002i,   -3.950737E-002 +    3.163346E-002i;  -1.162673E-001 -    2.119068E-001i,   -4.832673E-002 +    1.498265E-002i,    1.499252E-002 +    4.867586E-002i,    4.781657E-002 -    1.572516E-002i,   -1.617609E-002 -    4.841785E-002i,   -4.423590E-002 +    2.383220E-002i,    2.491411E-002 +    4.491629E-002i,   -1.887213E-001 -    1.130675E-001i,   -1.067965E-001 +    1.919939E-001i,    1.005567E-001 +    1.529754E-001i,   -7.727465E-001 +    2.610212E-001i,   -2.065686E-001 -    7.424198E-002i,   -6.535174E-002 +    2.106966E-001i,   -4.641278E-002 +    1.991165E-002i,    2.465159E-002 +    4.440649E-002i,    4.579645E-002 -    2.070360E-002i,   -2.562722E-002 -    4.355753E-002i,   -4.173029E-002 +    2.825350E-002i,    3.309634E-002 +    3.842121E-002i;  -1.941326E-001 +    1.429507E-001i,    2.119910E-002 +    4.579732E-002i,    4.614117E-002 -    2.125500E-002i,   -2.186575E-002 -    4.519483E-002i,   -4.572968E-002 +    2.239101E-002i,    2.940742E-002 +    4.058345E-002i,    4.111313E-002 -    3.056694E-002i,   -2.781692E-002 -    1.541298E-001i,   -1.529458E-001 +    3.271144E-002i,    8.145151E-002 -    2.033711E-001i,   -2.065686E-001 -    7.424198E-002i,    7.258447E-001 -    3.880411E-002i,    4.508290E-001 +    1.225837E-001i,    2.581910E-002 +    4.325376E-002i,    4.064386E-002 -    3.024001E-002i,   -2.652060E-002 -    4.253977E-002i,   -3.967562E-002 +    3.109236E-002i,    3.344730E-002 +    3.752206E-002i,    3.361058E-002 -    3.779778E-002i;   1.521565E-001 +    1.885512E-001i,    4.503764E-002 -    2.332073E-002i,   -2.339214E-002 -    4.538039E-002i,   -4.440310E-002 +    2.396324E-002i,    2.451439E-002 +    4.491673E-002i,    3.943786E-002 -    3.132999E-002i,   -3.251770E-002 -    3.991808E-002i,   -1.535091E-001 +    3.478312E-002i,    3.964455E-002 +    1.521026E-001i,   -2.078070E-001 -    7.273230E-002i,   -6.535174E-002 +    2.106966E-001i,    4.508290E-001 +    1.225837E-001i,   -7.189593E-001 +    9.843890E-002i,    4.227844E-002 -    2.784608E-002i,   -3.216859E-002 -    3.946148E-002i,   -4.153040E-002 +    2.851862E-002i,    3.298129E-002 +    3.845146E-002i,    3.618455E-002 -    3.524987E-002i,   -3.944378E-002 -    3.206394E-002i;   1.954306E-001 -    1.165483E-001i,    6.279532E-002 -    2.910184E-002i,   -2.917871E-002 -    6.326687E-002i,   -6.196864E-002 +    3.001574E-002i,    3.073644E-002 +    6.270183E-002i,    5.563969E-002 -    4.035586E-002i,   -4.194641E-002 -    5.636539E-002i,    1.701079E-002 +    4.755714E-002i,    4.692131E-002 -    1.850509E-002i,   -1.819667E-002 -    4.700568E-002i,   -4.641278E-002 +    1.991165E-002i,    2.581910E-002 +    4.325376E-002i,    4.227844E-002 -    2.784608E-002i,    6.441989E-001 +    1.728357E-001i,    4.023098E-001 +    2.916892E-001i,    1.698828E-001 -    1.879355E-001i,   -2.061734E-001 -    1.496174E-001i,   -1.114309E-001 -    1.401905E-001i,   -1.271517E-001 +    1.276919E-001i;  -1.365230E-001 -    1.836496E-001i,   -3.551592E-002 -    5.986055E-002i,   -6.032449E-002 +    3.564089E-002i,    3.634602E-002 +    5.894032E-002i,    5.960042E-002 -    3.714180E-002i,   -4.604626E-002 -    5.155444E-002i,   -5.211841E-002 +    4.771155E-002i,    4.584706E-002 -    2.186592E-002i,   -2.329615E-002 -    4.505862E-002i,   -4.517447E-002 +    2.299617E-002i,    2.465159E-002 +    4.440649E-002i,    4.064386E-002 -    3.024001E-002i,   -3.216859E-002 -    3.946148E-002i,    4.023098E-001 +    2.916892E-001i,   -6.635563E-001 -    4.405490E-002i,   -2.053418E-001 -    1.508138E-001i,   -1.286797E-001 +    2.215235E-001i,   -1.289036E-001 +    1.257733E-001i,    1.407136E-001 +    1.142012E-001i;  -1.922068E-001 +    1.197184E-001i,   -6.191989E-002 +    3.016245E-002i,    3.024800E-002 +    6.238759E-002i,    6.107980E-002 -    3.105585E-002i,   -3.178702E-002 -    6.179545E-002i,   -5.458394E-002 +    4.122228E-002i,    4.281878E-002 +    5.527542E-002i,   -1.783934E-002 -    4.699081E-002i,   -4.632946E-002 +    1.931390E-002i,    1.900865E-002 +    4.641933E-002i,    4.579645E-002 -    2.070360E-002i,   -2.652060E-002 -    4.253977E-002i,   -4.153040E-002 +    2.851862E-002i,    1.698828E-001 -    1.879355E-001i,   -2.053418E-001 -    1.508138E-001i,    7.065660E-001 -    2.703877E-001i,    1.254890E-001 +    2.024001E-001i,    1.310595E-001 -    2.158755E-001i,   -2.310220E-001 -    1.058692E-001i;   1.403749E-001 +    1.792774E-001i,    3.681900E-002 +    5.865922E-002i,    5.911760E-002 -    3.695486E-002i,   -3.762178E-002 -    5.772318E-002i,   -5.835997E-002 +    3.842979E-002i,    4.708674E-002 +    5.013477E-002i,    5.065428E-002 -    4.875727E-002i,   -4.505986E-002 +    2.289217E-002i,    2.429520E-002 +    4.423997E-002i,    4.436268E-002 -    2.399970E-002i,   -2.562722E-002 -    4.355753E-002i,   -3.967562E-002 +    3.109236E-002i,    3.298129E-002 +    3.845146E-002i,   -2.061734E-001 -    1.496174E-001i,   -1.286797E-001 +    2.215235E-001i,    1.254890E-001 +    2.024001E-001i,   -6.312661E-001 +    4.132577E-001i,   -2.299288E-001 -    1.077964E-001i,   -8.098210E-002 +    2.423607E-001i;   1.695539E-001 -    1.510165E-001i,    5.605285E-002 -    4.034473E-002i,   -4.050887E-002 -    5.650044E-002i,   -5.507064E-002 +    4.108457E-002i,    4.192889E-002 +    5.565336E-002i,    4.692126E-002 -    5.002497E-002i,   -5.172026E-002 -    4.733281E-002i,    2.562644E-002 +    4.339804E-002i,    4.249353E-002 -    2.697097E-002i,   -2.668463E-002 -    4.263429E-002i,   -4.173029E-002 +    2.825350E-002i,    3.344730E-002 +    3.752206E-002i,    3.618455E-002 -    3.524987E-002i,   -1.114309E-001 -    1.401905E-001i,   -1.289036E-001 +    1.257733E-001i,    1.310595E-001 -    2.158755E-001i,   -2.299288E-001 -    1.077964E-001i,    6.617662E-001 -    7.970366E-002i,    4.857790E-001 +    1.127744E-001i;  -1.706754E-001 -    1.518933E-001i,   -4.684853E-002 -    5.132940E-002i,   -5.175767E-002 +    4.706468E-002i,    4.747368E-002 +    5.026157E-002i,    5.074573E-002 -    4.838540E-002i,   -5.546116E-002 -    4.107568E-002i,   -4.128972E-002 +    5.720351E-002i,    4.039389E-002 -    3.066469E-002i,   -3.190328E-002 -    3.933335E-002i,   -3.950737E-002 +    3.163346E-002i,    3.309634E-002 +    3.842121E-002i,    3.361058E-002 -    3.779778E-002i,   -3.944378E-002 -    3.206394E-002i,   -1.271517E-001 +    1.276919E-001i,    1.407136E-001 +    1.142012E-001i,   -2.310220E-001 -    1.058692E-001i,   -8.098210E-002 +    2.423607E-001i,    4.857790E-001 +    1.127744E-001i,   -6.254716E-001 +    2.238533E-001i];
Zo(1,:) = [ 
   2.854883E+002 +    1.561100E-002i,    6.102955E+001 -    4.738103E-004i,    6.102732E+001 -    4.737845E-004i,    6.102469E+001 -    4.741528E-004i,    6.102172E+001 -    4.748848E-004i,    6.101928E+001 -    4.745181E-004i,    6.101631E+001 -    4.747229E-004i,    6.340904E+001 -    2.707339E-004i,    6.340775E+001 -    2.711778E-004i,    6.340653E+001 -    2.711334E-004i,    6.340552E+001 -    2.711707E-004i,    6.340462E+001 -    2.711040E-004i,    6.340309E+001 -    2.713986E-004i,    6.477813E+001 -    1.432718E-004i,    6.477792E+001 -    1.433141E-004i,    6.477795E+001 -    1.430814E-004i,    6.477770E+001 -    1.429769E-004i,    6.477732E+001 -    1.432938E-004i,    6.477699E+001 -    1.431700E-004i ];
