% Matlab m-File exported from HFSS13.0.2 
% Note: In three-dimensional arrays, like S(i,j,k), the first index corresponds to the frequency.
%       So, S(N,j,k) is an S(j,k) matrix for frequency N.

f = zeros(1,1);
S = zeros(1,19,19);
Zo = zeros(1,19);

f = [3700000000 ];
S(1,:,:) = [    6.967634E-002 +    5.918142E-002i,    1.757647E-001 -    1.422460E-001i,   -1.271485E-001 -    1.931134E-001i,   -1.986092E-001 +    1.101628E-001i,    9.211664E-002 +    2.110276E-001i,    2.029459E-001 -    1.049034E-001i,   -8.649532E-002 -    2.130639E-001i,   -1.854737E-001 +    1.538286E-001i,    1.419096E-001 +    1.963991E-001i,    2.099499E-001 -    1.187577E-001i,   -1.062889E-001 -    2.171127E-001i,   -2.129471E-001 +    1.140063E-001i,    1.004622E-001 +    2.194797E-001i,    1.595419E-001 -    1.613229E-001i,   -1.627519E-001 -    1.603290E-001i,   -1.856361E-001 +    1.301551E-001i,    1.320248E-001 +    1.859758E-001i,    1.889557E-001 -    1.256465E-001i,   -1.286676E-001 -    1.888179E-001i;   1.757647E-001 -    1.422460E-001i,    6.685886E-001 -    3.267085E-002i,    4.320353E-001 +    2.488994E-001i,    1.496789E-001 -    1.981474E-001i,   -1.856149E-001 -    1.700906E-001i,   -9.513488E-002 -    1.489909E-001i,   -1.580845E-001 +    8.166326E-002i,    3.366744E-002 +    3.707982E-002i,    3.945931E-002 -    3.129428E-002i,   -2.661316E-002 -    4.248852E-002i,   -4.409185E-002 +    2.409082E-002i,    2.565448E-002 +    4.315508E-002i,    4.463758E-002 -    2.290300E-002i,    4.039932E-002 -    5.516146E-002i,   -5.562230E-002 -    4.057054E-002i,   -4.955957E-002 +    4.702866E-002i,    4.760102E-002 +    4.957788E-002i,    5.074901E-002 -    4.583202E-002i,   -4.672640E-002 -    5.057395E-002i;  -1.271485E-001 -    1.931134E-001i,    4.320353E-001 +    2.488994E-001i,   -6.496092E-001 -    1.169172E-001i,   -1.866489E-001 -    1.721672E-001i,   -1.916835E-001 +    1.718507E-001i,   -1.611482E-001 +    8.188840E-002i,    6.726828E-002 +    1.690528E-001i,    4.110625E-002 -    3.054696E-002i,   -2.789359E-002 -    4.328999E-002i,   -4.590372E-002 +    2.282647E-002i,    2.009904E-002 +    4.728267E-002i,    4.648600E-002 -    2.178411E-002i,   -1.883560E-002 -    4.771904E-002i,   -5.208755E-002 -    4.663735E-002i,   -4.685775E-002 +    5.253937E-002i,    4.289374E-002 +    5.514449E-002i,    5.522046E-002 -    4.347435E-002i,   -4.155685E-002 -    5.623505E-002i,   -5.614648E-002 +    4.248454E-002i;  -1.986092E-001 +    1.101628E-001i,    1.496789E-001 -    1.981474E-001i,   -1.866489E-001 -    1.721672E-001i,    7.328004E-001 -    1.947840E-001i,    6.088812E-002 +    2.294913E-001i,    1.885292E-001 -    1.655262E-001i,   -1.485853E-001 -    2.041856E-001i,   -2.685983E-002 -    4.253525E-002i,   -4.447663E-002 +    2.409845E-002i,    1.894090E-002 +    4.665951E-002i,    4.780713E-002 -    1.616688E-002i,   -1.787662E-002 -    4.715225E-002i,   -4.814050E-002 +    1.489692E-002i,   -4.955597E-002 +    4.754617E-002i,    4.797230E-002 +    4.980547E-002i,    5.720404E-002 -    3.790807E-002i,   -3.847111E-002 -    5.732165E-002i,   -5.817268E-002 +    3.651748E-002i,    3.743270E-002 +    5.815498E-002i;   9.211664E-002 +    2.110276E-001i,   -1.856149E-001 -    1.700906E-001i,   -1.916835E-001 +    1.718507E-001i,    6.088812E-002 +    2.294913E-001i,   -7.503940E-001 +    5.142098E-002i,   -1.489612E-001 -    2.061693E-001i,   -2.203445E-001 +    1.303602E-001i,   -4.550846E-002 +    2.302526E-002i,    2.005189E-002 +    4.720274E-002i,    4.891071E-002 -    1.463694E-002i,   -1.172700E-002 -    4.980264E-002i,   -4.930584E-002 +    1.351548E-002i,    1.041326E-002 +    5.001718E-002i,    4.322942E-002 +    5.458033E-002i,    5.487305E-002 -    4.363555E-002i,   -3.276767E-002 -    6.137400E-002i,   -6.154677E-002 +    3.332464E-002i,    3.127119E-002 +    6.221813E-002i,    6.228813E-002 -    3.219660E-002i;   2.029459E-001 -    1.049034E-001i,   -9.513488E-002 -    1.489909E-001i,   -1.611482E-001 +    8.188840E-002i,    1.885292E-001 -    1.655262E-001i,   -1.489612E-001 -    2.061693E-001i,    6.210748E-001 +    2.420575E-001i,    2.972162E-001 +    3.978206E-001i,    2.575129E-002 +    4.356043E-002i,    4.543093E-002 -    2.291752E-002i,   -1.766737E-002 -    4.747352E-002i,   -4.854554E-002 +    1.484431E-002i,    1.658273E-002 +    4.793755E-002i,    4.884325E-002 -    1.355758E-002i,    5.123002E-002 -    4.634349E-002i,   -4.676458E-002 -    5.149346E-002i,   -5.863543E-002 +    3.642700E-002i,    3.698964E-002 +    5.877031E-002i,    5.956833E-002 -    3.500022E-002i,   -3.592097E-002 -    5.957755E-002i;  -8.649532E-002 -    2.130639E-001i,   -1.580845E-001 +    8.166326E-002i,    6.726828E-002 +    1.690528E-001i,   -1.485853E-001 -    2.041856E-001i,   -2.203445E-001 +    1.303602E-001i,    2.972162E-001 +    3.978206E-001i,   -5.615940E-001 -    3.551218E-001i,    4.602949E-002 -    2.180776E-002i,   -1.879542E-002 -    4.764390E-002i,   -4.920871E-002 +    1.334521E-002i,    1.041700E-002 +    5.002376E-002i,    4.957413E-002 -    1.221538E-002i,   -9.099888E-003 -    5.020390E-002i,   -4.174327E-002 -    5.560980E-002i,   -5.591256E-002 +    4.214113E-002i,    3.112286E-002 +    6.212110E-002i,    6.230801E-002 -    3.167442E-002i,   -2.960699E-002 -    6.292504E-002i,   -6.301890E-002 +    3.052905E-002i;  -1.854737E-001 +    1.538286E-001i,    3.366744E-002 +    3.707982E-002i,    4.110625E-002 -    3.054696E-002i,   -2.685983E-002 -    4.253525E-002i,   -4.550846E-002 +    2.302526E-002i,    2.575129E-002 +    4.356043E-002i,    4.602949E-002 -    2.180776E-002i,    7.184837E-001 -    1.196717E-001i,    4.486183E-001 +    1.223371E-001i,    5.939187E-002 -    2.106954E-001i,   -2.072383E-001 -    7.197566E-002i,   -4.438687E-002 -    1.501884E-001i,   -1.525553E-001 +    3.492890E-002i,    3.773192E-002 +    3.323712E-002i,    3.339299E-002 -    3.805814E-002i,   -3.116949E-002 -    3.940883E-002i,   -3.946008E-002 +    3.158750E-002i,    3.021438E-002 +    4.020092E-002i,    4.013182E-002 -    3.088104E-002i;   1.419096E-001 +    1.963991E-001i,    3.945931E-002 -    3.129428E-002i,   -2.789359E-002 -    4.328999E-002i,   -4.447663E-002 +    2.409845E-002i,    2.005189E-002 +    4.720274E-002i,    4.543093E-002 -    2.291752E-002i,   -1.879542E-002 -    4.764390E-002i,    4.486183E-001 +    1.223371E-001i,   -7.267808E-001 +    1.827805E-002i,   -2.074150E-001 -    7.370946E-002i,   -8.610338E-002 +    2.031031E-001i,   -1.536620E-001 +    3.446905E-002i,    2.482104E-002 +    1.554030E-001i,    3.587623E-002 -    3.562979E-002i,   -3.594665E-002 -    3.605449E-002i,   -4.162865E-002 +    2.863195E-002i,    2.904792E-002 +    4.170808E-002i,    4.235937E-002 -    2.762059E-002i,   -2.829409E-002 -    4.233471E-002i;   2.099499E-001 -    1.187577E-001i,   -2.661316E-002 -    4.248852E-002i,   -4.590372E-002 +    2.282647E-002i,    1.894090E-002 +    4.665951E-002i,    4.891071E-002 -    1.463694E-002i,   -1.766737E-002 -    4.747352E-002i,   -4.920871E-002 +    1.334521E-002i,    5.939187E-002 -    2.106954E-001i,   -2.074150E-001 -    7.370946E-002i,    7.672237E-001 -    2.779350E-001i,    9.759948E-002 +    1.539892E-001i,    1.004954E-001 -    1.951685E-001i,   -1.884060E-001 -    1.123711E-001i,   -3.129744E-002 -    3.942131E-002i,   -3.963259E-002 +    3.159128E-002i,    2.374006E-002 +    4.434140E-002i,    4.446583E-002 -    2.414285E-002i,   -2.265892E-002 -    4.495290E-002i,   -4.500273E-002 +    2.332798E-002i;  -1.062889E-001 -    2.171127E-001i,   -4.409185E-002 +    2.409082E-002i,    2.009904E-002 +    4.728267E-002i,    4.780713E-002 -    1.616688E-002i,   -1.172700E-002 -    4.980264E-002i,   -4.854554E-002 +    1.484431E-002i,    1.041700E-002 +    5.002376E-002i,   -2.072383E-001 -    7.197566E-002i,   -8.610338E-002 +    2.031031E-001i,    9.759948E-002 +    1.539892E-001i,   -7.946229E-001 +    1.844617E-001i,   -1.892550E-001 -    1.121699E-001i,   -1.236472E-001 +    1.817818E-001i,   