

S_module =[0.0760    0.4130    0.4130    0.4100    0.4100    0.3970    0.3970
    0.4130    0.5020    0.5860    0.1560    0.1560    0.3040    0.3040
    0.4130    0.5860    0.5020    0.1560    0.1560    0.3040    0.3040
    0.4100    0.1560    0.1560    0.8400    0.1690    0.1560    0.1560
    0.4100    0.1560    0.1560    0.1690    0.8400    0.1560    0.1560
    0.3970    0.3040    0.3040    0.1560    0.1560    0.5020    0.5860
    0.3970    0.3040    0.3040    0.1560    0.1560    0.5860    0.5020];



S_phase = [176.0900   91.3800 -178.6200  -89.6800    0.3200   92.1400 -177.8600
   91.3800 -116.4500  107.1700 -125.7200  -35.7200  179.7000  -90.3000
 -178.6200  107.1700   63.5500  -35.7200   54.2800  -90.3000   -0.3000
  -89.6800 -125.7200  -35.7200 -138.1100  111.1600 -125.7200  -35.7200
    0.3200  -35.7200   54.2800  111.1600   41.8900  -35.7200   54.2800
   92.1400  179.7000  -90.3000 -125.7200  -35.7200 -116.4500  107.1700
 -177.8600  -90.3000   -0.3000  -35.7200   54.2800  107.1700   63.550];


S = S_module.*exp(i*S_phase*pi./180);

S = reshape(S,1,length(S)*length(S)); 

