% Matlab m-File from Maxwell project
f = zeros(1,1);
S = zeros(1,361);

f(1) = 3700000000;

S = [
0.08813310788294423 + 0.05182665387929258i, -0.176056498902359 + -0.1487516538073373i, 0.1480555362448217 + -0.1732640660471063i, 0.1813562110102357 + 0.1396501375027122i, -0.137820197706217 + 0.1803495096589532i, -0.2073947623983426 + -0.1002989303865663i, 0.0972648595925926 + -0.2062259263743608i, 0.1748878509708217 + 0.175022993383199i, -0.1613304247813108 + 0.1851223877111027i, -0.1821549180532147 + -0.1660789746014713i, 0.1510824510189028 + -0.1917354669420938i, 0.213942103882349 + 0.1258846635253293i, -0.1083782858121948 + 0.2194189409653471i, -0.1587394254584899 + -0.1688801939650066i, 0.1477858568557862 + -0.1698575405046993i, 0.1673327444096862 + 0.1596719102241028i, -0.1368203387195111 + 0.176041917566173i, -0.1983168282060172 + -0.123241856923541i, 0.09870702823795213 + -0.2006331287902246i, -0.1760564989021332 + -0.1487516538077626i, -0.6969233711743124 + 0.09340491547500042i, 0.4649606286616441 + 0.1297667056651822i, -0.0470994274337046 + 0.2442393191419284i, -0.2423688621737807 + -0.0458138429306176i, 0.1425301868559611 + 0.08178607994162997i, -0.07956850074353943 + 0.1418509484778989i, -0.0432600753649439 + -0.02916173376742488i, 0.02591478631123654 + -0.04482539511821723i, 0.04440295965635959 + 0.02701736761666016i, -0.0235269600709483 + 0.04578029282388587i, -0.04935884778857833 + -0.01741555763959267i, 0.01357139064985736 + -0.04978556150397859i, -0.02988978426622387 + 0.06140109078752799i, -0.06225437816696873 + -0.0229160877020666i, 0.02645396657439571 + -0.06280358458715443i, 0.06280943494732162 + 0.0192485473911804i, -0.01317657957745702 + 0.06752235828912309i, -0.06559131111425288 + -0.006176958077772858i, 0.1480555362448513 + -0.1732640660484003i, 0.4649606286615105 + 0.1297667056654712i, 0.7008998822486123 + -0.0960758798008559i, -0.2412433099660029 + -0.04791802857865957i, 0.04663653711741619 + -0.2394008954405816i, -0.08165542299224414 + 0.1404824993844475i, -0.1398230946880279 + -0.07945894484904478i, 0.02907347099213845 + -0.04261465701817889i, 0.04418033711106029 + 0.02587152974203049i, -0.02695942949723114 + 0.04375655687634328i, -0.04513769852716159 + -0.02351571960118136i, 0.0174925132318823 + -0.04870984748619598i, 0.04915297014285817 + 0.01369376733247012i, -0.06054841244648361 + -0.02989336107336082i, 0.02300249932053727 + -0.06143058007085715i, 0.06195413192789222 + 0.02650376811159101i, -0.0193791086736278 + 0.06199963427552573i, -0.06669322509579559 + -0.01340114794485838i, 0.006469303972211339 + -0.06482239597261713i, 0.1813562110103363 + 0.1396501375028405i, -0.04709942743380708 + 0.2442393191419555i, -0.2412433099661773 + -0.04791802857842294i, -0.5469105830154526 + 0.5607918337713665i, 0.1771439985256588 + 0.1251246231803903i, 0.01484768369093036 + 0.2477549558542504i, -0.2450594717009359 + 0.01708495036642367i, 0.04422977241015095 + 0.02698386227105505i, -0.02369219064815765 + 0.04563656764490957i, -0.04526709868470676 + -0.02480504875350314i, 0.02128030573852802 + -0.04647643987238609i, 0.04975161128750806 + 0.01505626737183826i, -0.01122334864497377 + 0.05000194297995024i, 0.02688975853827503 + -0.06225986274222145i, 0.06279255051512897 + 0.01993290131589903i, -0.02341803965701973 + 0.06349662335593155i, -0.06317815852967752 + -0.01626943294747872i, 0.01003346467423087 + -0.06758049013779968i, 0.06534973198999181 + 0.003176192582137816i, -0.1378201977063533 + 0.1803495096590403i, -0.2423688621738303 + -0.04581384293071026i, 0.04663653711718344 + -0.2394008954407625i, 0.1771439985256625 + 0.1251246231803901i, 0.5448552013061493 + -0.5677842991034419i, -0.2456289298760635 + 0.01562807962709291i, -0.0178367962074261 + -0.2429478180396122i, -0.02659672975643651 + 0.04395842555720746i, -0.04534143870947457 + -0.02332744805200718i, 0.02443234897172203 + -0.0449791224470617i, 0.04616548178691178 + 0.02093266581090536i, -0.01474871740330891 + 0.04939054095806564i, -0.04962478523312078 + -0.01094693696806166i, 0.06183739815821492 + 0.02643758477974018i, -0.01953695846909352 + 0.06234023179595596i, -0.06305114122494254 + -0.02299038223680026i, 0.01590271749071088 + -0.06270923982964596i, 0.06705198991503887 + 0.009702823657295077i, -0.002911039099069238 + 0.06481485015648351i, -0.2073947623981864 + -0.10029893038654i, 0.1425301868560145 + 0.08178607994157301i, -0.08165542299218254 + 0.1404824993842173i, 0.01484768369097537 + 0.2477549558543067i, -0.2456289298761226 + 0.01562807962713971i, -0.5718275533929782 + 0.4144528818933863i, 0.4657149088696868 + -0.1117120670543448i, -0.04912549236988282 + -0.01749115163286153i, 0.01395879002167416 + -0.04983469513389563i, 0.04969950395695768 + 0.01513119581350351i, -0.01140980266194543 + 0.0501662424039263i, -0.05211329750874091 + -0.004604172066745775i, 0.000776342169445882 + -0.05157181146657489i, -0.01369110876191493 + 0.06687016136665845i, -0.06596452288315866 + -0.006727381898579356i, 0.01001631944848852 + -0.06737481819931235i, 0.06559116002164638 + 0.003038686284534502i, 0.004010463890277604 + 0.0686462904149196i, -0.06503846243179262 + 0.01030785683609879i, 0.09726485959261544 + -0.2062259263741499i, -0.07956850074343851 + 0.1418509484779451i, -0.1398230946877462 + -0.07945894484890081i, -0.2450594717010037 + 0.01708495036647148i, -0.01783679620747205 + -0.2429478180396811i, 0.4657149088696645 + -0.111712067054348i, 0.5612431061495846 + -0.4350992166264358i, 0.01683702808232724 + -0.04878817360392521i, 0.04945599202300763 + 0.0133342129532591i, -0.01449584549781929 + 0.04933350431688543i, -0.04975953247380978 + -0.01080828530978856i, 0.004053978488432019 + -0.05162087261964994i, 0.05104803563432043 + 0.0002708048708888605i, -0.06631338540737866 + -0.01290493928660321i, 0.006021686226020733 + -0.06534989367373092i, 0.06677739094600829 + 0.009263137030341541i, -0.002374591632792095 + 0.06494479025281028i, -0.06790044152100977 + 0.004631416330989823i, -0.01082913028062433 + -0.06426902528549118i, 0.1748878509707978 + 0.1750229933831946i, -0.04326007536503949 + -0.02916173376737951i, 0.02907347099192545 + -0.04261465701796238i, 0.04422977241015243 + 0.02698386227101114i, -0.02659672975639504 + 0.04395842555721689i, -0.04912549236990486 + -0.0174911516328858i, 0.01683702808235489 + -0.04878817360396116i, -0.7586081362517677 + 0.03701407074346119i, 0.4275379370032616 + 0.09916698398244887i, -0.01823947407968153 + 0.2008819011027037i, -0.1997149977966363 + -0.003724423276872948i, 0.08083409463440473 + 0.1491435522509092i, -0.1408276939720063 + 0.09021438709889598i, -0.03948541614167823 + -0.03425358640812576i, 0.02926597831254334 + -0.0414965855451045i, 0.0412024646008949 + 0.03199065718194818i, -0.02666398416514637 + 0.04263288477279319i, -0.04731947532822768 + -0.02310702870636354i, 0.01754917662885774 + -0.04727698326377215i, -0.1613304247812994 + 0.1851223877110569i, 0.02591478631119851 + -0.04482539511831465i, 0.0441803371108247 + 0.02587152974183061i, -0.0236921906481076 + 0.04563656764489883i, -0.04534143870946283 + -0.02332744805194912i, 0.0139587900216917 + -0.04983469513391709i, 0.04945599202304382 + 0.01333421295328043i, 0.4275379370032038 + 0.0991669839824504i, 0.7473712000359867 + -0.1475150788222628i, -0.200138514908732 + -0.004323087356884695i, -0.009968344507354331 + -0.1979906824719098i, -0.1421385136210588 + 0.09023105956504308i, -0.09894979119335039 + -0.1332636634124056i, 0.03121428262705295 + -0.04143630339028696i, 0.04308650765191757 + 0.02613857959737962i, -0.02885637061208229 + 0.0429816058421242i, -0.04403363136892212 + -0.02348467220604864i, 0.01964250884966305 + -0.04843056936644254i, 0.04800847049631546 + 0.01414263509141634i, -0.1821549180531873 + -0.1660789746014582i, 0.04440295965645804 + 0.02701736761662534i, -0.0269594294970346 + 0.04375655687612351i, -0.04526709868470478 + -0.02480504875346096i, 0.02443234897167945 + -0.04497912244706025i, 0.04969950395697689 + 0.01513119581352282i, -0.01449584549784144 + 0.04933350431691946i, 