% Matlab m-File from Maxwell project
f = zeros(1,1);
S = zeros(1,361);

f(1) = 3700000000;

S = [
0.08616795397304274 + 0.04610497898282257i, -0.1009372087981176 + -0.205590178153407i, 0.2094424062008328 + -0.0894209034431893i, 0.08892972352278178 + 0.2098548587137408i, -0.2126882752309768 + 0.07933471652686323i, -0.1082603282465004 + -0.2010280894958905i, 0.2046188134916773 + -0.09996133425206852i, 0.09113480719925367 + 0.2277549599644646i, -0.2275968103375469 + 0.09631507927308129i, -0.07696658535912108 + -0.2314112940555025i, 0.2303831276622234 + -0.08390328412760184i, 0.099764454119097 + 0.2241144096522831i, -0.2222006880702682 + 0.1081455123118202i, -0.08136282180937937 + -0.2140911347254444i, 0.210791599899554 + -0.09401533207327099i, 0.06914928952508424 + 0.217768860715757i, -0.2139229299586635 + 0.0834793867318283i, -0.0902072354323674 + -0.2109287225953076i, 0.2052286357616919 + -0.1056148753282982i, -0.1009372087977049 + -0.2055901781535461i, -0.5366583643688702 + -0.4499679687477018i, 0.1947634200606934 + 0.4447996408780931i, -0.2260296602511656 + 0.1052797632938662i, -0.09489792608941162 + -0.2294955906102728i, 0.002316725130153746 + 0.164906931682903i, -0.1644396720226995 + -0.004198072051961064i, -0.007047772141708367 + -0.05075798441689188i, 0.05098594129659731 + -0.008106149796421601i, 0.003991254541257672 + 0.05078821807692122i, -0.05092792021901462 + 0.005449465561315322i, -0.008980391757829737 + -0.05045293296686829i, 0.05048556571991842 + -0.01077593631693855i, -0.06449995741276719 + 0.01943078614794717i, -0.02321135518781059 + -0.06379432188047049i, 0.06532565748656648 + -0.01577116607509626i, 0.02005525699461331 + 0.06449450810033094i, -0.06375557484176465 + 0.02209125182044309i, -0.02672994051068856 + -0.06240278097211986i, 0.2094424062010486 + -0.08942090344321098i, 0.19476342006061 + 0.4447996408781307i, 0.4913375960483699 + 0.5021529602162196i, -0.09265872376926482 + -0.2299657393190321i, 0.2328616417782737 + -0.08216807352777832i, -0.1638640942464423 + -0.006365270005858995i, 0.01280950561787 + -0.1630577906828208i, 0.05076988067309904 + -0.004330737689380168i, 0.00536966222311799 + 0.05105184401606894i, -0.05063928499084144 + 0.001294216579283094i, -0.00273478850806413 + -0.05085462755208757i, 0.05056854003142913 + -0.006265739119772659i, 0.008046888677407575 + 0.05069529574857893i, -0.01590418050435847 + -0.0650655179002182i, 0.06456352933609547 + -0.01969513122597994i, 0.01222701537625886 + 0.06569307880935447i, -0.06509292216229569 + 0.01652452767127615i, -0.01858497416951844 + -0.06446619602598334i, 0.06336671239525915 + -0.0232619917602739i, 0.08892972352297295 + 0.2098548587143908i, -0.2260296602511274 + 0.1052797632937091i, -0.09265872376920091 + -0.2299657393189544i, -0.7588607059348035 + -0.183009096764098i, -0.03006720756937483 + 0.2182051334271659i, -0.2215777821441437 + 0.1137786375667463i, -0.1046500924684936 + -0.2253166307910092i, 0.004197459553246273 + 0.05082311422577179i, -0.05110810826920716 + 0.005236474710130814i, -0.001158804566295191 + -0.05068422830110357i, 0.05090362945340277 + -0.002599975464939992i, 0.006134587685457201 + 0.05062682354509527i, -0.05075848317902854 + 0.007916853763308597i, 0.0651616439865111 + -0.01574186898036139i, 0.01953727605778591 + 0.06466945993176078i, -0.06577980981259242 + 0.01206000227040278i, -0.0163626501763862 + -0.06519074233801869i, 0.06456905539735486 + -0.01842647239880398i, 0.02311028183920357 + 0.0634812747950612i, -0.2126882752316365 + 0.07933471652702893i, -0.09489792608924601 + -0.2294955906102353i, 0.2328616417782058 + -0.08216807352772144i, -0.03006720756936708 + 0.218205133427172i, 0.7416861971458582 + 0.249021077016618i, -0.1035486348954733 + -0.2254365332209078i, 0.2287586505444134 + -0.09430248733538839i, -0.0507530976990413 + 0.001960063488958907i, -0.002981475681918084 + -0.05108198606958712i, 0.05048238172230024 + 0.001057403300117424i, 0.0003670227160561712 + 0.05076354261661581i, -0.05064226637310483 + 0.003896106225812864i, -0.005663755500956844 + -0.05085099848438091i, 0.01282165592597769 + 0.06552370223128594i, -0.06519949409585846 + 0.01661962871234476i, -0.009131163818417699 + -0.06597821652214667i, 0.0655797291588887 + -0.01343807687976413i, 0.01551873518453585 + 0.065051145227061i, -0.0641730512937129 + 0.02022666161730008i, -0.1082603282473181 + -0.201028089496955i, 0.002316725130077417 + 0.1649069316832311i, -0.1638640942466766 + -0.006365270005985578i, -0.2215777821440957 + 0.1137786375665944i, -0.1035486348953442 + -0.2254365332208548i, -0.5711315177495273 + -0.40402354421216i, 0.2370112651763898 + 0.426225582518764i, -0.008923452286397396 + -0.05030152312656733i, 0.05048894886257686 + -0.009986363612634851i, 0.005879648517238846 + 0.05044619897439846i, -0.05053071880846612 + 0.007337570558791496i, -0.01083731638755992 + -0.04992519387657855i, 0.04989040690193373 + -0.01262728095545935i, -0.06352729400780612 + 0.02177463195609685i, -0.02551442885697976 + -0.06268263575192921i, 0.06448702869181869 + -0.01815982577899479i, 0.02239653240490536 + 0.06349846006942485i, -0.0626860172240048 + 0.02439711738031641i, -0.0289675268563691 + -0.0611644902694994i, 0.2046188134927769 + -0.09996133425281135i, -0.1644396720229999 + -0.004198072052029018i, 0.01280950561797772 + -0.163057790683022i, -0.104650092468364 + -0.2253166307909669i, 0.22875865054436 + -0.09430248733524775i, 0.2370112651763915 + 0.4262255825187584i, 0.539673717905501 + 0.4467646761389271i, 0.05048321534444211 + -0.006908408298005672i, 0.007960323177811068 + 0.05071194680007191i, -0.05050729771011875 + 0.003869207700176033i, -0.00531885556598225 + -0.05064905834426615i, 0.05018367886704009 + -0.008830637902592772i, 0.01061591104186647 + 0.05021963871791302i, -0.01919418403942171 + -0.06417126560729435i, 0.06347703495408405 + -0.02295463999662246i, 0.01555375463972322 + 0.06498511475382808i, -0.06416706849252717 + 0.01981511534473473i, -0.02184098033424031 + -0.06343631774964498i, 0.06210028606891496 + -0.02645594300099141i, 0.09113480719929143 + 0.2277549599643493i, -0.007047772141805175 + -0.05075798441696022i, 0.05076988067307238 + -0.00433073768945144i, 0.004197459553391423 + 0.05082311422567151i, -0.05075309769894618 + 0.001960063489107779i, -0.008923452286570667 + -0.05030152312629854i, 0.05048321534418591 + -0.006908408298191729i, -0.5506434300606464 + -0.5241006469758287i, 0.1987381776769903 + 0.3908248972109711i, -0.1695365645773509 + 0.1076575621296754i, -0.1129946625999345 + -0.1673313071375969i, -0.08593789296205119 + 0.1441416759675073i, -0.1480719713645266 + -0.08156326483599509i, -0.003454818313394639 + -0.05176300444798247i, 0.05188569661391609 + -0.006414072425847007i, 0.0005656327371487899 + 0.05175129574606706i, -0.0518666617628722 + 0.003924461147132481i, -0.005580080478940722 + -0.05166334656560418i, 0.0514483750890891 + -0.009295057127795173i, -0.2275968103373687 + 0.09631507927280447i, 0.05098594129660032 + -0.008106149796499483i, 0.005369662223171802 + 0.05105184401597601i, -0.05110810826903844 + 0.005236474710257741i, -0.00298147568205208 + -0.05108198606942303i, 0.05048894886223931 + -0.009986363612781895i, 0.007960323177973032 + 0.05071194679974605i, 0.1987381776770605 + 0.3908248972109555i, 0.5651238251884315 + 0.5050649491118706i, -0.1118022084409758 + -0.168628632365502i, 0.166301478204741 + -0.1171342207242998i, -0.1468916698947049 + -0.08370011961966835i, 0.07921579266911712 + -0.1507636308543696i, 0.05206954738901794 + -0.004507104227885369i, 0.007490237667532167 + 0.05213440148512574i, -0.05211509047904288 + 0.001596749577379239i, -0.004982207472003162 + -0.05216463568053641i, 0.05192699094690489 + -0.006645789537355244i, 0.01038342089369957 + 0.05163673698375448i, -0.0769665853590544 + -0.2314112940553561i, 0.003991254541347075 + 0.05078821807696946i, -0.05063928499079433 + 0.001294216579353517i, -0.001158804566443964 + -0.05068422830098755i, 0.05048238172218953 + 0.001057403299963995i, 0.005879648517423863 + 0.05044619897411685i, 