% Matlab m-File from Maxwell project
f = zeros(1,1);
S = zeros(1,361);

f(1) = 3700000000;

S = [
0.08292406764649991 + 0.04965436708274634i, -0.1592618487886 + -0.1734006118449706i, 0.1519514669177722 + -0.1705778209575316i, 0.1682937373515475 + 0.1643563641804068i, -0.1414536680201807 + 0.1772038389277814i, -0.2007410771354599 + -0.1266977662276211i, 0.1022051608920236 + -0.2031145429524751i, 0.1685002625383059 + 0.1761866356724077i, -0.1637105293639905 + 0.1786328541029291i, -0.1767477511065135 + -0.1687338611074199i, 0.1548303347633046 + -0.1861805705970911i, 0.2081811446386053 + 0.1291250674474263i, -0.1114055794418709 + 0.214512108658458i, -0.1678062341896865 + -0.157281246353428i, 0.1558262793322917 + -0.1664470060095136i, 0.1740812714610437 + 0.1481086435892601i, -0.1452851554211574 + 0.1740728230775378i, -0.2017071249187493 + -0.1101881143177337i, 0.1068839138770881 + -0.2013171582615366i, -0.1592618487885892 + -0.1734006118449954i, -0.6870147186593553 + -0.03761527826073719i, 0.4577040114890323 + 0.1716966589721601i, -0.1006891723770381 + 0.2373988249156511i, -0.2373610945003032 + -0.0737498385682219i, 0.1393715726255461 + 0.1056290412482956i, -0.08780075375747666 + 0.1426550056499185i, -0.03909159953105679 + -0.03514435090232471i, 0.03229724792029505 + -0.04106751558500821i, 0.04074379049901916 + 0.03340796755924064i, -0.03026532498840455 + 0.04254606046369903i, -0.04685877972009715 + -0.02438099927030759i, 0.02046828150787291 + -0.04793212441692963i, -0.03501416614837676 + 0.06026249414587648i, -0.05976204216875231 + -0.03467710791875661i, 0.0318782626542326 + -0.06149071246316763i, 0.06129592082115296 + 0.03104510414283939i, -0.01879940852619029 + 0.06706559097614494i, -0.06672540326194179 + -0.0178502865995331i, 0.1519514669177802 + -0.17057782095757i, 0.4577040114890407 + 0.1716966589721633i, 0.6883088593282134 + -0.128366926497296i, -0.2389577370351708 + -0.07417358012260587i, 0.04816959066290802 + -0.2363075583016842i, -0.08845357046429576 + 0.1447999932745628i, -0.1462401043869195 + -0.07092329478152337i, 0.03013609011451989 + -0.04114946992385637i, 0.04278081349484465 + 0.02719574214854825i, -0.02829945709321991 + 0.04257605038449187i, -0.044011078993324 + -0.02509063841166043i, 0.01899138332584693 + -0.04760372606178333i, 0.04826032339833176 + 0.01510984513362508i, -0.06157554856115895 + -0.02795632970794673i, 0.02767948416205066 + -0.0610597018408361i, 0.06245703266638426 + 0.0248097136367045i, -0.02402426890375089 + 0.06218814169566857i, -0.06657014823820281 + -0.01164229003499806i, 0.0107589992858959 + -0.06614963845004725i, 0.1682937373515403 + 0.1643563641804141i, -0.1006891723770517 + 0.2373988249156258i, -0.2389577370351818 + -0.07417358012257727i, -0.6157691553402129 + 0.4612725180844535i, 0.1726992459320939 + 0.1425409713039i, -0.03575649554415372 + 0.2561680800449872i, -0.2475375756905057 + -0.01037110201236369i, 0.04090619806457987 + 0.03294176555105569i, -0.02999416151238327 + 0.04272306364673628i, -0.04246034029721442 + -0.03111983751742712i, 0.02788680445286151 + -0.0440879369846204i, 0.04807139821821395 + 0.0217823480631116i, -0.01782057932782558 + 0.04893000956313572i, 0.03166361997697981 + -0.06202044991091972i, 0.06150288868075762 + 0.03135449487974119i, -0.02846844523953825 + 0.06307570542182302i, -0.0628361809657445 + -0.0276478033818686i, 0.0151178537493935 + -0.06792815164828445i, 0.06753728202434015 + 0.01418940612625022i, -0.1414536680201864 + 0.1772038389277756i, -0.2373610945002975 + -0.07374983856822011i, 0.04816959066289094 + -0.2363075583016805i, 0.1726992459320923 + 0.1425409713039018i, 0.5211547889408308 + -0.5879894573419202i, -0.2491209402253795 + -0.009670537228795078i, -0.01384637197944058 + -0.2384036360826183i, -0.02766172481274856 + 0.04239838269800378i, -0.04385757042566976 + -0.02466012030908912i, 0.02576497921881217 + -0.04371379803655107i, 0.04496402784047432 + 0.02250781954953576i, -0.01627031034321268 + 0.04819770750249468i, -0.04864037846819518 + -0.01238815343454727i, 0.06252565241236792 + 0.02440641174512612i, -0.02415968537722622 + 0.06199956030607687i, -0.06323060374648573 + -0.02124057376809692i, 0.02047654055920828 + -0.06292200300245633i, 0.06660121400189789 + 0.007969961158252716i, -0.007117081396373544 + 0.06613709992374116i, -0.2007410771354321 + -0.1266977662276182i, 0.1393715726255228 + 0.1056290412482634i, -0.08845357046428325 + 0.1447999932745424i, -0.03575649554414337 + 0.2561680800449815i, -0.2491209402253665 + -0.009670537228794573i, -0.6122659278720271 + 0.3074677698114143i, 0.4828174964512928 + -0.08173503065274954i, -0.04731508909230051 + -0.02388059619800952i, 0.02058862332098441 + -0.0484863614725053i, 0.04846450950575182 + 0.02175488477990591i, -0.01822115966833209 + 0.0493888069880465i, -0.0520323443711613 + -0.01135696126903916i, 0.007266280815402123 + -0.05204408918883085i, -0.01816616035600125 + 0.06788169771428758i, -0.06730575636428139 + -0.01797026289492664i, 0.01479050561331429 + -0.06824917561134462i, 0.06783972763381169 + 0.01403118837027865i, -0.0005923285525596819 + 0.07022200216305527i, -0.0696404653390533 + 0.0002414551469780804i, 0.1022051608920208 + -0.2031145429524563i, -0.08780075375748586 + 0.1426550056499057i, -0.1462401043869037 + -0.07092329478153781i, -0.2475375756904937 + -0.01037110201236319i, -0.01384637197944696 + -0.2384036360826129i, 0.4828174964513243 + -0.08173503065276136i, 0.530637409343219 + -0.46023495161434i, 0.0183865028057424 + -0.04732061563532745i, 0.04813248556815233 + 0.01513953611353586i, -0.01625345591083803 + 0.04821963642951552i, -0.04877366027581503 + -0.01279887361146269i, 0.006009882555215148 + -0.05065841347519327i, 0.05029085450986611 + 0.002108800519415944i, -0.06639941792893002 + -0.01103418042595359i, 0.01090074110519812 + -0.06583218576081414i, 0.06643721391497864 + 0.007781856043944896i, -0.007095844959886614 + 0.06597654701458669i, -0.06700346783162364 + 0.005937141258343253i, -0.0066782138522023 + -0.06637183910311099i, 0.1685002625382843 + 0.1761866356724491i, -0.03909159953104368 + -0.03514435090232403i, 0.03013609011452467 + -0.04114946992384617i, 0.04090619806457177 + 0.03294176555106176i, -0.02766172481275432 + 0.04239838269799643i, -0.0473150890922904 + -0.02388059619802i, 0.0183865028057622 + -0.0473206156353292i, -0.7585461780791578 + 0.04051873488813136i, 0.4280737353594018 + 0.09868324194859973i, -0.01983911790560095 + 0.2051548575384113i, -0.2041680606929515 + -0.00570184548858977i, 0.08198038709269412 + 0.1445854050853073i, -0.1360924272058111 + 0.09151217199149295i, -0.04105792064994583 + -0.03120731669235089i, 0.030914169244706 + -0.04072117474563067i, 0.04224581205935671 + 0.02901659596152523i, -0.02838703467715157 + 0.04217876084109369i, -0.04753232591546783 + -0.0199211249497069i, 0.01919315006189996 + -0.04736908521393785i, -0.1637105293639681 + 0.17863285410313i, 0.03229724792032996 + -0.04106751558505468i, 0.042780813494868 + 0.0271957421485417i, -0.02999416151239879 + 0.04272306364677267i, -0.04385757042570573 + -0.02466012030910127i, 0.02058862332101232 + -0.0484863614725583i, 0.04813248556819277 + 0.01513953611354663i, 0.4280737353594027 + 0.09868324194861804i, 0.7475150368022325 + -0.145099633331961i, -0.2047584182448999 + -0.006256558485459754i, -0.007699430665454839 + -0.2028550813780746i, -0.138029325664988 + 0.09076045108004521i, -0.0996580195540647 + -0.1289830253267742i, 0.02826411107703902 + -0.04276008681473064i, 0.04240694745826724 + 0.02799541012854347i, -0.02601378287979301 + 0.04379487884710729i, -0.04368720305934429 + -0.02539380589497286i, 0.01664763854937428 + -0.04844282397155537i, 0.04823331596670966 + 0.01593635216168412i, -0.1767477511065287 + -0.1687338611074402i, 0.04074379049902199 + 0.0334079675592476i, -0.02829945709322026 + 0.04257605038448756i, -0.04246034029721781 + -0.03111983751743299i, 0.025764979218817 + -0.04371379803655473i, 0.04846450950575997 + 0.02175488477991415i, -0.01625345591084406 + 0.04821963642951951i, -0.01983911790564004 + 