% Matlab m-File from Maxwell project
f = zeros(1,1);
S = zeros(1,361);

f(1) = 3700000000;

S = [
0.09177861171469806 + 0.0438404281421927i, -0.1632632490607834 + -0.1616214455283667i, 0.1770945396596759 + -0.1441581771762217i, 0.1353593693040233 + 0.1854813786154635i, -0.1959123579154299 + 0.115270247326658i, -0.1348728216699423 + -0.1865348602265849i, 0.1952332425323216 + -0.1178537100199396i, 0.1525968069538569 + 0.1918033025474161i, -0.1961650118983873 + 0.1457842897593855i, -0.1202548022673236 + -0.2128927938006668i, 0.2154972257377076 + -0.114736730614554i, 0.1189288951605413 + 0.2137123831495121i, -0.216137430854771 + 0.1161298649238381i, -0.1448292478234278 + -0.1821851739600214i, 0.1779630932908142 + -0.1427140458171142i, 0.1130243007702981 + 0.2002863942089489i, -0.1963544656890609 + 0.1139279967111884i, -0.112065581024801 + -0.2015280958573793i, 0.197520602193427 + -0.1154039852576388i, -0.1632632490607983 + -0.1616214455283645i, -0.7080491308035075 + -0.05231528047680007i, 0.3956778284304666 + 0.2628079948706081i, -0.1378160654310065 + 0.2069087540927264i, -0.1904000292314345 + -0.1559287253902001i, 0.06560461647811046 + 0.1491213238028084i, -0.1526109204735072 + 0.05253515498147469i, -0.0362101285818425 + -0.03735140544292893i, 0.03841398593767856 + -0.03486153122936208i, 0.02981566718969075 + 0.04247674792409812i, -0.04314129552047825 + 0.02870406590744952i, -0.02955257758696737 + -0.04267736000877357i, 0.04324764199659999 + -0.02901160838497849i, -0.03935537304529548 + 0.05450865582785714i, -0.05359061798842866 + -0.03834638056057324i, 0.04687371181058612 + -0.04707719629200345i, 0.047021409549382 + 0.04570961469856551i, -0.04729391562069667 + 0.04690755733334411i, -0.04752298655269371 + -0.04591863332607602i, 0.1770945396596534 + -0.1441581771762209i, 0.395677828430416 + 0.2628079948705884i, 0.6843585527051753 + 0.1973888428977537i, -0.1898245423923793 + -0.1582107825620122i, 0.1743551383804714 + -0.1715825512913321i, -0.1543526472273038 + 0.04897346920096429i, -0.03568594191997022 + -0.1564111202539382i, 0.04076554172092805 + -0.03181268282776435i, 0.03036685699557779 + 0.04167221791250211i, -0.04515063395283044 + 0.02494794672353174i, -0.02377868003346392 + -0.04568915089366146i, 0.04532090989257586 + -0.02466660000838227i, 0.02407130670199363 + 0.04582696551263938i, -0.04968364134528652 + -0.04469249669008455i, 0.04359767205298627 + -0.04888368946935429i, 0.04153950746586189 + 0.05133223835087507i, -0.05017584657756787 + 0.04160820276079882i, -0.04132715783867426 + -0.05172947371212822i, 0.05043577037151029 + -0.0420816689489407i, 0.1353593693040245 + 0.1854813786154713i, -0.1378160654309903 + 0.2069087540927335i, -0.1898245423923678 + -0.1582107825620307i, -0.7728939320567163 + 0.1349284578552361i, 0.04518069085268198 + 0.2100360480209975i, -0.169067413920115 + 0.1790415657178582i, -0.1628948738933707 + -0.1816119404971363i, 0.02978157550996891 + 0.04262334705550256i, -0.04345706462582026 + 0.02828162038081413i, -0.02265557786127289 + -0.04666236764801889i, 0.04714107177944449 + -0.02145286994554814i, 0.02236402470471761 + 0.04681842080535928i, -0.04729498903774116 + 0.02173939977631235i, 0.04751502815852508 + -0.04751844241467342i, 0.04677326569838006 + 0.04637319781115221i, -0.05375017628733026 + 0.03898807467706384i, -0.03911842466114791 + -0.05259262137187445i, 0.05413779425344784 + -0.03875376096967136i, 0.03958006572156292 + 0.05287875261011321i, -0.1959123579154331 + 0.1152702473266644i, -0.1904000292314342 + -0.1559287253901943i, 0.1743551383804932 + -0.1715825512913356i, 0.04518069085267876 + 0.2100360480210003i, 0.7886715491067711 + 0.0186250554204157i, -0.159902037239388 + -0.1839994360167489i, 0.194783821915703 + -0.1427731292914902i, -0.04489136591719057 + 0.02518482175782046i, -0.02362593873992407 + -0.045566508363115i, 0.04817586329477178 + -0.01777124955465136i, 0.01653978701700139 + 0.04853024119573128i, -0.04830118275675168 + 0.01746882704696061i, -0.01680705438952684 + -0.04870979060261692i, 0.04218108997208465 + 0.05143871799764225i, -0.0502412595392465 + 0.04155827180421484i, -0.0331700310279586 + -0.05674981134125896i, 0.05562218216996979 + -0.03341124502531951i, 0.03290143036696498 + 0.05710882815009482i, -0.05594904290774396 + 0.03383813393746703i, -0.134872821669944 + -0.1865348602265873i, 0.06560461647811704 + 0.1491213238028099i, -0.1543526472272893 + 0.04897346920098347i, -0.1690674139201165 + 0.1790415657178472i, -0.1599020372393835 + -0.1839994360167502i, -0.6509212324533222 + -0.2816135754998981i, 0.3016994794535154 + 0.3707113002644887i, -0.02966651580195464 + -0.04285958809110769i, 0.04368873002977677 + -0.02815919361329978i, 0.02250517339246269 + 0.04687706281816777i, -0.04735163176557099 + 0.02129739651325564i, -0.02221221478008752 + -0.04703221183381037i, 0.04750719252507979 + -0.02158395061777181i, -0.04784162760569108 + 0.0474253658015703i, -0.04668340062638959 + -0.04669370082388591i, 0.05405442458137942 + -0.03884650248912184i, 0.03898228472286762 + 0.05289460107391549i, -0.05444196019150098 + 0.03860990125543476i, -0.03944379647785421 + -0.05318347405036096i, 0.1952332425323231 + -0.117853710019941i, -0.1526109204735092 + 0.0525351549814783i, -0.03568594191998528 + -0.1564111202539286i, -0.162894873893359 + -0.181611940497136i, 0.1947838219157022 + -0.1427731292914828i, 0.3016994794535193 + 0.3707113002644895i, 0.6028673353657812 + 0.3801639461038105i, 0.04474964408033698 + -0.0257728811088443i, 0.02421666390976782 + 0.04544457143282204i, -0.04812846749371872 + 0.01837282063754986i, -0.01714143981691673 + -0.04849790414799845i, 0.0482576071657195 + -0.01807085131875214i, 0.01741159024350311 + 0.04867500304211311i, -0.04289740485081017 + -0.05112564375193637i, 0.0499314114347067 + -0.04225905653047613i, 0.03391768429683719 + 0.05655559458114036i, -0.05542164137547257 + 0.03414691314386125i, -0.03365228787972556 + -0.05691879427060867i, 0.05574471595422684 + -0.03457886033189477i, 0.1525968069538521 + 0.1918033025474123i, -0.03621012858184258 + -0.0373514054429251i, 0.04076554172092756 + -0.03181268282776888i, 0.02978157550996868 + 0.04262334705550333i, -0.04489136591718952 + 0.02518482175781987i, -0.02966651580195241 + -0.04285958809110606i, 0.0447496440803349 + -0.02577288110884331i, -0.744631950112659 + -0.1267370815520711i, 0.3773201896903062 + 0.2331266541325207i, -0.1027276726307461 + 0.1796959125817161i, -0.1768112120030458 + -0.1070125666319918i, -0.02008975443580694 + 0.1648766977762729i, -0.1650898958540091 + -0.02259578089641597i, -0.03000847267969491 + -0.04218203731418592i, 0.0412191954371112 + -0.02958871263073519i, 0.02272968977075173 + 0.04582549255435331i, -0.04496288246019536 + 0.02297701909673075i, -0.02250202910836154 + -0.04608992292373413i, 0.04523938999678508 + -0.02329102838245655i, -0.1961650118983897 + 0.1457842897593873i, 0.03841398593767489 + -0.03486153122936388i, 0.03036685699558397 + 0.04167221791250402i, -0.04345706462582219 + 0.02828162038081539i, -0.023625938739925 + -0.04556650836311486i, 0.04368873002977598 + -0.02815919361329991i, 0.0242166639097683 + 0.04544457143282122i, 0.3773201896902928 + 0.2331266541325197i, 0.7360719974054075 + 0.1733675459323022i, -0.1757161969412171 + -0.1082800162613657i, 0.1124557274617433 + -0.1727005695618684i, -0.1636600658313424 + -0.02543479722026158i, 0.02793935567490066 + -0.1637902704096546i, 0.04302469503647204 + -0.02852223916549212i, 0.02813550760964802 + 0.0420513256223061i, -0.04641687650997445 + 0.02114843462635754i, -0.0214232478724909 + -0.045565300841199i, 0.04667293929918584 + -0.02091286189966866i, 0.02172711841282066 + 0.04585118308076899i, -0.1202548022673231 + -0.2128927938006659i, 0.02981566718969052 + 0.04247674792409621i, -0.04515063395283176 + 0.02494794672353451i, -0.0226555778612723 + -0.04666236764801972i, 0.04817586329477125 + -0.01777124955465078i, 0.0225051733924614 + 0.04687706281816717i, -0.04812846749371848 + 0.0183728206375488i, -0.1027276726307522 + 0.1796959125817195i, -0.1757161969412099 