% Matlab m-File from Maxwell project
f = zeros(1,1);
S = zeros(1,361);

f(1) = 3700000000;

S = [
0.09478870744521752 + 0.04167001536709592i, -0.109340704547582 + -0.1993390150143994i, 0.1957242087405206 + -0.1167395640714327i, 0.08723746036627988 + 0.2094857960738765i, -0.2068382345741195 + 0.09623440353904843i, -0.09806206491926141 + -0.2043296473339006i, 0.2004943976544104 + -0.1086842214034816i, 0.1215417025136728 + 0.2155489091403945i, -0.2166895759773889 + 0.1219160147531899i, -0.09668945694566242 + -0.2264607519830174i, 0.2267501779042333 + -0.09904467359345752i, 0.1093995369961539 + 0.2209324003989427i, -0.221765813075333 + 0.1133217408235018i, -0.1270271736730043 + -0.1901452029662394i, 0.1976269740044849 + -0.1117554058903044i, 0.1052951600761792 + 0.2010934154240012i, -0.2073862167588558 + 0.09101286582439537i, -0.1167283742972473 + -0.1972851659077546i, 0.2031604561471898 + -0.1027070318937766i, -0.109340704547577 + -0.1993390150143987i, -0.5304827692726324 + -0.4881989783067373i, 0.2148149928600604 + 0.4203257061247439i, -0.2216470464916209 + 0.09215948782672387i, -0.1016780928083274 + -0.2188516353096448i, -0.03247618299394929 + 0.1530902905337284i, -0.1554691547863914 + -0.02504981598503385i, -0.01344026746997115 + -0.04934737837930466i, 0.04959490533231188 + -0.01345751342972539i, 0.007907499054092168 + 0.05027559751673923i, -0.05045285888809927 + 0.008364793542459019i, -0.01073458440516012 + -0.04981131096544832i, 0.05017692520576729 + -0.01147833418711274i, -0.05405508056771111 + 0.03552573162995848i, -0.0311900218684239 + -0.05613883286316539i, 0.05710549791668745 + -0.02935524225355808i, 0.02530195425055016 + 0.05885504377507336i, -0.0560527982220833 + 0.03259737813364957i, -0.02861878303403154 + -0.05768480394895383i, 0.1957242087405191 + -0.1167395640714313i, 0.2148149928600608 + 0.4203257061247448i, 0.5623722895749665 + 0.449743462366107i, -0.1003360314700487 + -0.2186919942872205i, 0.2155474308222884 + -0.109769784968669i, -0.154527115244039 + -0.02699313574428235i, 0.01946800089152831 + -0.1566413728211801i, 0.04894554229025911 + -0.015248580801853i, 0.01527481145676595 + 0.0491928687330075i, -0.05007551741628161 + 0.009739929626884917i, -0.01020441945318087 + -0.05023653771271269i, 0.04950815648184435 + -0.0125550537913208i, 0.01331330328308708 + 0.04984748827905945i, -0.03754214324413203 + -0.05286227505688473i, 0.05510645204368055 + -0.0332744040832608i, 0.0314714584984713 + 0.05614115056773886i, -0.05804033177484237 + 0.0274745330719765i, -0.03468105518736115 + -0.05496935396396684i, 0.05674809168336019 + -0.03075469799109732i, 0.08723746036627732 + 0.2094857960738775i, -0.2216470464916238 + 0.09215948782672982i, -0.1003360314700508 + -0.2186919942872251i, -0.7331699194936947 + -0.3096473187171557i, -0.0370051560308968 + 0.2045494207089447i, -0.2261894026217023 + 0.08023980842518053i, -0.09185615757290146 + -0.2233474780229494i, 0.008072396190816719 + 0.05040520816253527i, -0.05065268797224061 + 0.008063099384644647i, -0.002482771460379198 + -0.05073600057028679i, 0.05096070398550211 + -0.002917665363844973i, 0.005337841061489029 + 0.05057690543485188i, -0.05101909054841005 + 0.006036908783147812i, 0.0574334861467875 + -0.02948713050675529i, 0.02496214603502614 + 0.05903872682515499i, -0.05980224884377157 + 0.02303821423634801i, -0.01882915783195578 + -0.06110596611212478i, 0.05910351364933066 + -0.02636795028105607i, 0.02224555877555023 + 0.06029855685741236i, -0.2068382345741203 + 0.09623440353904443i, -0.1016780928083274 + -0.2188516353096448i, 0.2155474308222896 + -0.109769784968671i, -0.03700515603089663 + 0.2045494207089437i, 0.7538281417236954 + 0.2484324399604262i, -0.08989174411657266 + -0.2239040305236154i, 0.2205721323995054 + -0.1014432698388283i, -0.05029892025094494 + 0.01017942647082354i, -0.0101802559953455 + -0.05054788856344649i, 0.05086084574460678 + -0.0045784001669272i, 0.005024470689161533 + 0.05106868590667545i, -0.05058373652468669 + 0.007439698862299517i, -0.008160059784856073 + -0.05099917700837655i, 0.03197867296550529 + 0.05647878233646451i, -0.05827711287196963 + 0.02749940884931611i, -0.02559824462152056 + -0.05912309498547821i, 0.0606055737856909 + -0.02142393283442069i, 0.0289141605701644 + 0.05828443082111539i, -0.05965418896139303 + 0.02482243622212923i, -0.09806206491926624 + -0.2043296473339016i, -0.03247618299395608 + 0.1530902905337341i, -0.1545271152440425 + -0.02699313574428578i, -0.2261894026217033 + 0.08023980842518086i, -0.0898917441165723 + -0.2239040305236145i, -0.4780606905552094 + -0.538764210376823i, 0.1769739255242378 + 0.439605367894806i, -0.01071103049203566 + -0.0498462560950106i, 0.0500935736761664 + -0.01071481794403737i, 0.005153606903070456 + 0.05047114522120214i, -0.05067230614209409 + 0.005599211396565976i, -0.007992749465192574 + -0.05016180542669033i, 0.05056593365861802 + -0.008713307618761016i, -0.05572598198621045 + 0.03244018762216524i, -0.0280118447868998 + -0.05756577689251872i, 0.05842881302250675 + -0.02613327779583861i, 0.02200411833482525 + 0.05995120781973432i, -0.05755620747830768 + 0.02941736096865759i, -0.02536890306499146 + -0.05896564140091756i, 0.2004943976544076 + -0.1086842214034764i, -0.15546915478639 + -0.02504981598503631i, 0.01946800089152822 + -0.1566413728211771i, -0.09185615757290498 + -0.2233474780229469i, 0.2205721323995004 + -0.1014432698388274i, 0.1769739255242325 + 0.4396053678947952i, 0.5234048331717229 + 0.4915704698651824i, 0.04956559447278049 + -0.01323595783901048i, 0.01325202511138861 + 0.04981396637456002i, -0.05046913187689136 + 0.007681602584040384i, -0.008139417579559887 + -0.05064921217619257i, 0.05001748767365676 + -0.01051966839522675i, 0.01126388005833278 + 0.05038792377016971i, -0.03536573176019191 + -0.05439762406945247i, 0.05646619446658797 + -0.03100635685485535i, 0.0291611404020264 + 0.05742669514178087i, -0.05916143932384296 + 0.02508671628779724i, -0.03241845744727002 + -0.05638689835822545i, 0.0580041135615308 + -0.0284195401425979i, 0.1215417025136766 + 0.2155489091403935i, -0.01344026746997136 + -0.04934737837930543i, 0.04894554229025925 + -0.01524858080185323i, 0.008072396190816856 + 0.05040520816253555i, -0.05029892025094523 + 0.0101794264708236i, -0.01071103049203465 + -0.0498462560950101i, 0.04956559447278116 + -0.0132359578390115i, -0.6183655100722579 + -0.4551414646472404i, 0.2319191742307288 + 0.3581408684869065i, -0.1527911810530371 + 0.1168652019252664i, -0.1187039665827965 + -0.15255612052206i, -0.09140315036029899 + 0.1477695566616213i, -0.1504264692604953 + -0.09044022790984692i, -0.01907168468758653 + -0.04841576614170312i, 0.04934252199812509 + -0.01531441116518019i, 0.0137104925263876 + 0.04980153773922413i, -0.05051164449619226 + 0.01023064902339635i, -0.01643676712080073 + -0.04950652937799065i, 0.05013637772294165 + -0.01303510033832556i, -0.2166895759773871 + 0.1219160147531889i, 0.04959490533231178 + -0.01345751342972573i, 0.01527481145676601 + 0.04919286873300737i, -0.05065268797224031 + 0.008063099384644598i, -0.01018025599534547 + -0.0505478885634463i, 0.05009357367616554 + -0.01071481794403618i, 0.01325202511138921 + 0.04981396637456017i, 0.2319191742307226 + 0.3581408684868998i, 0.6141043834718168 + 0.4585044684222691i, -0.1172766607324964 + -0.1536288060840513i, 0.1533943674204034 + -0.1191243971311743i, -0.1483861675071243 + -0.09197792719944202i, 0.09101293763682496 + -0.1510566336831184i, 0.04866419024880412 + -0.01911660796377916i, 0.01534057932587655 + 0.04959179966774436i, -0.05005148144680749 + 0.01372859442970644i, -0.01023152093901721 + -0.05076167348003251i, 0.04975764971064732 + -0.01646812047955368i, 0.01304967165443772 + 0.0503872754360384i, -0.09668945694566555 + -0.2264607519830247i, 0.007907499054092606 + 0.05027559751674078i, -0.05007551741628345 + 0.009739929626884396i, -0.002482771460378837 + -0.05073600057028841i, 0.05086084574460852 + -0.004578400166926917i, 0.005153606903069442 + 0.05047114522120275i, -0.05046913187689334 + 0.007681602584040685i, 