% Matlab m-File from Maxwell project
f = zeros(1,1);
S = zeros(1,361);

f(1) = 3700000000;

S = [
0.08851345879306925 + 0.04539712058450896i, -0.2275240116549579 + -0.05287099465930013i, 0.04775018045825012 + -0.2268295919975257i, 0.2301910311464112 + 0.02798620282155194i, -0.02256566262105681 + 0.2293662142703343i, -0.2311668475281347 + 0.0320060298094887i, -0.03893917247654303 + -0.2286956204511458i, 0.2362665453787008 + 0.06712430132920189i, -0.047307371195862 + 0.237999002519807i, -0.241656353487992 + -0.04174551519815423i, 0.02192857750043462 + -0.2415799138750731i, 0.244296670521468 + -0.02340274680850346i, 0.04277925031243367 + 0.2408622466187456i, -0.2247281570115884 + -0.05823639078051184i, 0.03547832295531599 + -0.2194097905458667i, 0.2281682183733249 + 0.03181901494402541i, -0.01201957470346091 + 0.2207280968991803i, -0.2282023192292181 + 0.03126759571235315i, -0.0454640599232054 + -0.21914145105056i, -0.2275240116549637 + -0.05287099465929723i, -0.3226468068711186 + 0.6260661518709331i, 0.3645237188727639 + -0.3125807713381109i, 0.186075286866378 + 0.1645464898312784i, -0.1592632571663792 + 0.1886409611339551i, 0.142094042660359 + -0.08284151145131308i, 0.08669798075709094 + 0.1386243911927761i, -0.04898534202627992 + 0.02032135878896777i, -0.0239073857306892 + -0.0466212684590785i, 0.04649572727182687 + -0.0253375907132986i, 0.02868118683909393 + 0.04382562278029378i, -0.03820550683604042 + 0.0367183694870894i, -0.03953703246700207 + -0.03502608133178515i, 0.03984646974062953 + 0.05381279852139167i, -0.04774376946318286 + 0.04278032035838544i, -0.04540906403286729 + -0.04851124630410512i, 0.04272103836579921 + -0.04733048788396258i, 0.05685528629579306 + 0.03436604179801097i, -0.02953880128554191 + 0.0573971485925398i, 0.0477501804582381 + -0.2268295919975313i, 0.3645237188727704 + -0.3125807713381109i, 0.2913662136157538 + -0.6444592020598516i, -0.1594053458530675 + 0.1880160941942424i, -0.1904523467963094 + -0.1541105675565584i, 0.08512917264613437 + 0.1392642762421466i, -0.1357421338367249 + 0.08888358372725491i, -0.02117473161433328 + -0.04818016565891398i, 0.04576050672725368 + -0.02468368958001247i, 0.0261000600563001 + 0.04560637430886072i, -0.04288810282325031 + 0.02936216322393906i, -0.03721996335778412 + -0.03714593352778431i, 0.03393319916518794 + -0.0399507250450799i, -0.05256589526904954 + 0.04064625414351993i, -0.04343153919589494 + -0.04648388102482791i, 0.04719096283151932 + -0.04605549880165234i, 0.04784207873202094 + 0.0414065165351303i, -0.03292019167494589 + 0.05711924591864449i, -0.05755701945527644 + -0.02811967638938727i, 0.2301910311463977 + 0.02798620282155483i, 0.186075286866375 + 0.1645464898312728i, -0.1594053458530578 + 0.1880160941942309i, 0.2390129873075423 + 0.7482586704205749i, 0.1930915973175305 + -0.09303739663313385i, 0.228696160265647 + 0.08709863675167144i, -0.07947776226092453 + 0.2299187450359302i, 0.04618796529474946 + -0.02526697832006327i, 0.02855501299873299 + 0.04347322502855729i, -0.04319721192664473 + 0.02995329077078028i, -0.03296949706688327 + -0.04020619782523057i, 0.03380432868526463 + -0.04030459957150288i, 0.04274852471252223 + 0.03036643472548875i, -0.04505228982653721 + -0.04887633352277399i, 0.04257407638882994 + -0.04730258913666448i, 0.0499788266530402 + 0.04305201357640181i, -0.03713263229091999 + 0.05125949733149882i, -0.05977205197064187 + -0.02787311933566419i, 0.02305092366859794 + -0.05979348699374845i, -0.02256566262105583 + 0.2293662142703244i, -0.1592632571663843 + 0.1886409611339612i, -0.1904523467963136 + -0.1541105675565563i, 0.1930915973175418 + -0.09303739663314051i, -0.2742367759277296 + -0.738854465326779i, -0.08133664846995549 + 0.2292271672128994i, -0.2302684149800472 + -0.07373633816070414i, 0.02615844110314444 + 0.04531909589425698i, -0.04254671289125516 + 0.02936375932467145i, -0.03074686854052828 + -0.04224060630444052i, 0.03919989550316694 + -0.03367579275681375i, 0.04081849395804841 + 0.03267163018585439i, -0.02919991231656555 + 0.04316859426237252i, 0.04753976237032396 + -0.04587930158912617i, 0.04797176808943179 + 0.04122628634226445i, -0.04164023434141353 + 0.05064189093431986i, -0.05177960836372639 + -0.03572928604003342i, 0.02633471195590328 + -0.06002719738375678i, 0.05993866728178621 + 0.02154265971024045i, -0.2311668475281173 + 0.03200602980949852i, 0.1420940426603445 + -0.08284151145131821i, 0.08512917264613271 + 0.1392642762421394i, 0.2286961602656573 + 0.08709863675167812i, -0.08133664846995807 + 0.2292271672128943i, 0.1711034474195621 + 0.6863892030048097i, 0.06028520527327187 + -0.4758923384158877i, -0.03843648256608571 + 0.03646919539414646i, -0.03896969081796203 + -0.03494905718631061i, 0.03432068751811396 + -0.04025911704069663i, 0.04242404285740688 + 0.03063441233869032i, -0.02251815170076777 + 0.04791330478890486i, -0.04940643304145397 + -0.01854435258163311i, 0.05641073225796109 + 0.03596074911667734i, -0.02924992804604825 + 0.05697839687135261i, -0.05970521759913147 + -0.02902626126674011i, 0.02293747125428477 + -0.05942801139106652i, 0.06532752216850143 + 0.01173794018417828i, -0.007040690116126695 + 0.06410748591328856i, -0.03893917247653008 + -0.2286956204511348i, 0.08669798075708948 + 0.1386243911927712i, -0.1357421338367287 + 0.08888358372724731i, -0.07947776226092682 + 0.2299187450359369i, -0.2302684149800425 + -0.07373633816070262i, 0.06028520527326715 + -0.4758923384158903i, -0.2190825208395018 + -0.6749805024285895i, -0.03742217665654257 + -0.0370637499801558i, 0.03352148004107272 + -0.03979894000804115i, 0.04106069076876062 + 0.03285732360858424i, -0.02912784186213325 + 0.04309789660888162i, -0.04830131541645234 + -0.02089413611090352i, 0.01689971998970004 + -0.04966215434146876i, -0.03398810126326639 + 0.05715934263570965i, -0.05751613505279399 + -0.02730279890887694i, 0.02699636242285618 + -0.06021855705183168i, 0.05975510666006316 + 0.02095519064007335i, -0.009645324349267759 + 0.06527093099598305i, -0.06391366945860741 + -0.005015880805672056i, 0.2362665453786906 + 0.06712430132920121i, -0.04898534202627602 + 0.02032135878897013i, -0.02117473161433726 + -0.04818016565890709i, 0.04618796529475074 + -0.02526697832006491i, 0.02615844110314646 + 0.045319095894255i, -0.03843648256608225 + 0.03646919539414575i, -0.0374221766565419 + -0.03706374998015902i, -0.3817573676392944 + 0.6562441161350073i, 0.311242737859376 + -0.3090974705607908i, 0.167132325651392 + 0.1146452598972782i, -0.09973342468882317 + 0.1739049189455136i, 0.1698203477255706 + -0.004589945724469739i, 0.01813408379647261 + 0.168366369142823i, -0.04894347157869448 + 0.01714303205873485i, -0.02070458177664574 + -0.04512617775647969i, 0.04629600685592871 + -0.02247283450949007i, 0.02522147793943761 + 0.04245298002551599i, -0.03845681007606037 + 0.03418315848478568i, -0.03569058829316719 + -0.03500987592763139i, -0.04730737119585632 + 0.2379990025197999i, -0.02390738573068803 + -0.04662126845907821i, 0.04576050672724855 + -0.02468368958001291i, 0.02855501299873201 + 0.04347322502856177i, -0.04254671289125608 + 0.029363759324671i, -0.03896969081795931 + -0.03494905718631064i, 0.03352148004108034 + -0.03979894000803891i, 0.3112427378593746 + -0.3090974705607851i, 0.2634008737547778 + -0.7159306022431405i, -0.09960177874644108 + 0.1736998383404561i, -0.1791829845734813 + -0.08437888430473838i, 0.0180271506603062 + 0.1668630303803192i, -0.164353964744134 + 0.03124889550288042i, -0.02077424456936791 + -0.04683283672902009i, 0.04279053177565482 + -0.02397780654269431i, 0.02581211414634925 + 0.04380185959816605i, -0.03979887184916293 + 0.02821313175382193i, -0.03672016616770998 + -0.03515090252524501i, 0.03163668562592469 + -0.03793042143032581i, -0.2416563534880016 + -0.04174551519815169i, 0.04649572727183 + -0.02533759071329726i, 0.02610006005630033 + 0.04560637430886058i, -0.04319721192665275 + 0.02995329077078135i, -0.03074686854052836 + -0.04224060630444529i, 0.03432068751811784 + -0.04025911704069649i, 0.04106069076876154 + 0.03285732360859461i, 0.1671323256513894 + 