% Matlab m-File from Maxwell project
f = zeros(1,1);
S = zeros(1,361);

f(1) = 3700000000;

S = [
0.08593905490544128 + 0.04597154515698859i, -0.2227366760778596 + 0.05369949032850129i, -0.01800652831528435 + -0.2267705109045609i, 0.2278993311965934 + 0.005987714381742726i, -0.04164979680241229 + 0.2223347185933869i, -0.227143900001578 + -0.03101179996541183i, 0.06500870846890498 + -0.2179379191966591i, 0.241234939994853 + -0.04601792667124451i, 0.01707543632823149 + 0.2438954104948561i, -0.2447459345826617 + -0.01877945065475746i, 0.04618156074445783 + -0.2390062831727824i, 0.2421275838309525 + 0.04879354921276846i, -0.06912579455726108 + 0.2339287043684968i, -0.2293860525396128 + 0.04412829790930723i, -0.01391084744851363 + -0.226662033024543i, 0.2342838466049756 + 0.02097534972933721i, -0.042656189446424 + 0.2212378155286619i, -0.2307263814451409 + -0.04841200683271128i, 0.06597173256559798 + -0.2158017911662246i, -0.2227366760777774 + 0.05369949032853077i, 0.2978220381078709 + 0.6313028580273353i, 0.05891882272017295 + -0.4852562957907621i, 0.2445790917751204 + 0.0541845414577576i, -0.09148760132647936 + 0.231108401028572i, 0.1205583329153221 + -0.1120705965094938i, 0.0914909557736658 + 0.1352556583490905i, -0.01447805226558925 + 0.04926129656608483i, -0.04699223668747109 + -0.02011506985524939i, 0.02686489177588712 + -0.04372641833230256i, 0.04004213392416917 + 0.03141324047123313i, -0.03219711759061218 + 0.04037319758020497i, -0.03690666675637997 + -0.03519570950336i, 0.06798769926493965 + 0.006957967637971401i, -0.01519499885337092 + 0.06467913703567799i, -0.06387608289924882 + -0.02561161368265699i, 0.03058735156468991 + -0.05839451500603391i, 0.060568209142808 + 0.03299929329065594i, -0.03666211498470934 + 0.05490743603188451i, -0.01800652831526713 + -0.2267705109045552i, 0.05891882272012449 + -0.4852562957911276i, -0.09453477385582226 + -0.6944036299870401i, -0.09118300749748302 + 0.2314056263962263i, -0.2123929377433673 + -0.1256668777065015i, 0.0911414533132284 + 0.1356549020234623i, -0.1468655568420081 + 0.06867450096650228i, -0.04605344567369685 + -0.02186086738833952i, 0.02703554782907597 + -0.04295143990818337i, 0.03869888882331118 + 0.03314638154652486i, -0.03703334111880047 + 0.03437847400487343i, -0.03458116763005491 + -0.03785351790930684i, 0.04025465632793827 + -0.03071538018878803i, -0.01739993155056132 + 0.065586534467761i, -0.06106070176748022 + -0.02496247857632139i, 0.03505211817446453 + -0.05865269945557334i, 0.05250337228748555 + 0.03907857178830441i, -0.04178189493025714 + 0.05425967645300411i, -0.04813887181383365 + -0.04449301884272477i, 0.2278993311965401 + 0.005987714381829967i, 0.2445790917751967 + 0.0541845414577924i, -0.09118300749742173 + 0.2314056263962601i, 0.3661556907552109 + 0.6887198117785003i, 0.192147540053296 + -0.109963574174687i, 0.2068673609415612 + 0.1392691027746475i, -0.1680409869256352 + 0.181566800448886i, 0.02664690024904373 + -0.0435895980041763i, 0.03995201832055814 + 0.03147659422374015i, -0.03711782975577506 + 0.03506900761438432i, -0.03035306827058993 + -0.04053559501966697i, 0.04137437339125884 + -0.03046851207687251i, 0.02636246460571902 + 0.04335935331097082i, -0.06352702509924862 + -0.02426262513120321i, 0.03132179270414102 + -0.05821845221426211i, 0.05475379889727829 + 0.04112296709674561i, -0.04448673141236843 + 0.04820044872142639i, -0.04966547306436095 + -0.04736621428725862i, 0.04942213435688645 + -0.04327936609775909i, -0.04164979680246268 + 0.2223347185933561i, -0.09148760132654139 + 0.2311084010286346i, -0.2123929377434101 + -0.1256668777064567i, 0.1921475400533018 + -0.109963574174693i, -0.1338097634677392 + -0.7718912264458874i, -0.1689243545189856 + 0.1808023622549591i, -0.1514975782252236 + -0.1931398456765016i, 0.03852113385785375 + 0.03295040569535514i, -0.03711094314484197 + 0.03419903289824014i, -0.02852934867178069 + -0.04187100345272025i, 0.04447894405045094 + -0.0233724635415292i, 0.02335386412922584 + 0.04531882862250324i, -0.04661881953907707 + 0.01901946376109345i, 0.03374498389087544 + -0.058428364389452i, 0.05211911693133384 + 0.03982738447681599i, -0.04888567483645534 + 0.04718583704512192i, -0.04023730412366203 + -0.05115220943804015i, 0.05420329346851066 + -0.04122047909367117i, 0.03464114673086755 + 0.05521478180599185i, -0.2271439000016801 + -0.03101179996537336i, 0.120558332915396 + -0.1120705965095024i, 0.09114145331325987 + 0.1356549020235122i, 0.206867360941504 + 0.1392691027747575i, -0.1689243545190705 + 0.1808023622549044i, -0.2138494366132007 + 0.6659736385574024i, 0.3717797265092691 + -0.3157210561944455i, -0.03142221442247455 + 0.0406446576625188i, -0.03647827120305178 + -0.03585037486994328i, 0.04095296190371049 + -0.03097786994060201i, 0.02588863717936459 + 0.04385138092606357i, -0.04470247623256243 + 0.02591192153115005i, -0.02158965898521776 + -0.04623570039474285i, 0.06083534932193931 + 0.03122839082677806i, -0.03770156792353622 + 0.05475385786490385i, -0.05021438186782914 + -0.04711806307686178i, 0.0497607296992488 + -0.04329445662951282i, 0.04444264270186488 + 0.05279985659841265i, -0.05415360648302099 + 0.03783350907949211i, 0.06500870846891445 + -0.2179379191966604i, 0.09149095577372043 + 0.1352556583491839i, -0.146865556841998 + 0.06867450096655686i, -0.1680409869256318 + 0.1815668004489777i, -0.1514975782253162 + -0.1931398456765014i, 0.3717797265091546 + -0.3157210561942265i, 0.4018304210983597 + -0.5762893520909629i, -0.03505522617435039 + -0.03699515182518585i, 0.04070114804538202 + -0.03029633556065904i, 0.02412698762594996 + 0.04486500982017516i, -0.04693083284782284 + 0.01869653413355994i, -0.01858968239239873 + -0.04776868625526593i, 0.04861310478374919 + -0.01411907636001518i, -0.03988149763181632 + 0.05487714667397845i, -0.04792934239576969 + -0.04530037420449923i, 0.05383945432449982 + -0.04204467678649147i, 0.03485861260089348 + 0.0553756375432814i, -0.0585297542653125 + 0.03552109310651543i, -0.02883607476214312 + -0.05884980091298964i, 0.241234939994855 + -0.04601792667126103i, -0.01447805226560054 + 0.04926129656609787i, -0.04605344567370354 + -0.02186086738833382i, 0.02664690024904903 + -0.04358959800420376i, 0.03852113385786984 + 0.03295040569536017i, -0.03142221442245113 + 0.04064465766250025i, -0.03505522617435106 + -0.03699515182519817i, 0.3057746147188953 + 0.6956421971714405i, 0.02240563202844571 + -0.4387925251588201i, 0.2021313361509681 + 0.008597210416643599i, -0.03133024961174234 + 0.1981728183979465i, 0.1643584029492211 + -0.03680918847249876i, 0.02186911245106522 + 0.1648946411137177i, -0.0162866247363391 + 0.05034902000781654i, -0.04650901903509442 + -0.02198706385565864i, 0.02974380819807598 + -0.04421279965242712i, 0.0392560583082949 + 0.03262280036766938i, -0.03480130125253058 + 0.04051099040930285i, -0.03563133875182226 + -0.03665718112672674i, 0.01707543632824543 + 0.2438954104948602i, -0.04699223668748299 + -0.02011506985526226i, 0.02703554782907009 + -0.04295143990818966i, 0.03995201832058416 + 0.03147659422374799i, -0.03711094314484861 + 0.03419903289825464i, -0.03647827120303635 + -0.03585037486991691i, 0.04070114804539363 + -0.03029633556065818i, 0.02240563202844643 + -0.4387925251588171i, -0.1376141624331065 + -0.7486763206674579i, -0.03230864785736123 + 0.1988058999105169i, -0.1922148650236991 + -0.05431529243436101i, 0.01702763661769975 + 0.1668137448731084i, -0.1655840001992035 + 0.002195335901701919i, -0.0478544761529048 + -0.02203107607430907i, 0.02721396407337463 + -0.043386935554403i, 0.04020329309493199 + 0.03461147733638997i, -0.03687365569411973 + 0.03496413837226676i, -0.03594809808630741 + -0.03917505382645446i, 0.04043490677860419 + -0.03090566722516009i, -0.2447459345826666 + -0.01877945065474494i, 0.0268648917759009 + -0.04372641833231251i, 0.0386988888233188 + 0.0331463815465212i, -0.03711782975578709 + 0.03506900761440916i, -0.02852934867179436 + -0.04187100345272934i, 0.04095296190368238 + -0.03097786994059028i, 0.02412698762594725 + 0.04486500982018592i, 0.2021313361509682 + 