% Matlab m-File from Maxwell project
f = zeros(1,1);
S = zeros(1,361);

f(1) = 3700000000;

S = [
0.08851085999069569 + 0.04775511436677146i, -0.2257007115354675 + 0.04546090482650628i, -0.01544991323270811 + -0.2238007962473652i, 0.2302040460931613 + 0.01736182894429535i, -0.04010866745420372 + 0.2184354546571118i, -0.2287895400408108 + -0.04596833082841115i, 0.06205043046820932 + -0.2143736351061282i, 0.2451010679588857 + -0.03512005353122036i, 0.005407150333650213 + 0.2466012576711941i, -0.2455890918323622 + -0.03092146308889643i, 0.05677187267186309 + -0.2387738705302845i, 0.241286399300213 + 0.06015195228998183i, -0.08029643524206974 + 0.2321795415846122i, -0.2238770752768603 + 0.05127629699518815i, -0.01334739693433692 + -0.2281695752279461i, 0.2284625515927248 + 0.01065893361727588i, -0.04512356704313615 + 0.2226539864022777i, -0.2272585321349052 + -0.03481165024266413i, 0.06684558127662574 + -0.2181429788275285i, -0.2257007115354364 + 0.04546090482652881i, 0.2545870648534896 + 0.6487807760179286i, 0.07179621085789918 + -0.4803959965077806i, 0.2473480278779344 + 0.06968225540709509i, -0.09190734735204106 + 0.2294937776225955i, 0.1312292154562655 + -0.106887500930024i, 0.09140158431943962 + 0.1335853077993791i, -0.01807240381451362 + 0.04868609997672068i, -0.04598709448883986 + -0.02369836131940125i, 0.03029193410836932 + -0.04216258783464341i, 0.03831794505176223 + 0.03437336908746926i, -0.03524787350885687 + 0.03844249585027665i, -0.03474692902567213 + -0.0380482899216613i, 0.06738528710654861 + 0.00611272643131025i, -0.01712716443686982 + 0.06511896643890361i, -0.06300573895487566 + -0.02387687673760781i, 0.03299745682973248 + -0.05822742810767437i, 0.06045990368366228 + 0.03053069261565033i, -0.03866815120636909 + 0.05497775433317786i, -0.01544991323273292 + -0.2238007962473775i, 0.07179621085791994 + -0.4803959965077816i, -0.103720511160166 + -0.6993253344827589i, -0.09852908592907274 + 0.2301900097597899i, -0.2101359402188626 + -0.1177499546402656i, 0.08671656449799098 + 0.1402743197624223i, -0.140597093557126 + 0.07145727439149065i, -0.04475923213967568 + -0.02360301613442478i, 0.02869816719034985 + -0.04144178934519443i, 0.03691484993205266 + 0.03458621408836084i, -0.03804456356910259 + 0.03268537280763358i, -0.03269538771354651 + -0.03890519786733512i, 0.04114466969534921 + -0.02877154973825229i, -0.0144068958209998 + 0.06433462874014428i, -0.06075545333990019 + -0.02476283083514086i, 0.03101762076042658 + -0.05786220621964979i, 0.05209493481896643 + 0.03922686470114613i, -0.03712518287112972 + 0.05456308333429796i, -0.04823980800350717 + -0.04429577003858587i, 0.2302040460930811 + 0.01736182894430821i, 0.2473480278779386 + 0.06968225540705063i, -0.0985290859290576 + 0.2301900097597322i, 0.3079245034832965 + 0.7087105494208632i, 0.1974499001981915 + -0.09894539006109511i, 0.2024600662613736 + 0.1617047243994785i, -0.1702490971566223 + 0.1800533338390874i, 0.03065642699174783 + -0.04209246174271113i, 0.03796049187853098 + 0.03535475288754363i, -0.04068170376059187 + 0.03247951320852194i, -0.0276607779345219 + -0.04357823407888364i, 0.04445618709281978 + -0.0275437053131124i, 0.02321648304257892 + 0.04615660783945048i, -0.0633880097371634 + -0.02418591836338585i, 0.03420313077273429 + -0.05821151808914169i, 0.05434006097740466 + 0.04014516436783375i, -0.0476526029523054 + 0.04725266367922577i, -0.05007703138822462 + -0.04587723930465464i, 0.05224468487940475 + -0.04257699667131271i, -0.04010866745421679 + 0.2184354546570972i, -0.09190734735204104 + 0.22949377762263i, -0.2101359402188637 + -0.1177499546402758i, 0.1974499001982231 + -0.09894539006115491i, -0.1574243911138913 + -0.7737587479212428i, -0.1753514536670016 + 0.1771607330228859i, -0.1548547054146508 + -0.1812373762963433i, 0.03713506527056015 + 0.03362230420693596i, -0.03769479538746547 + 0.0327028824791616i, -0.02691609490190547 + -0.04223089898280367i, 0.04450972466970887 + -0.02201090735568258i, 0.02180929117482306 + 0.04533760266666912i, -0.04652243449222874 + 0.01749638033032611i, 0.02960675500420167 + -0.05816644586950014i, 0.05219211077704871 + 0.03866053830751993i, -0.04394932635391738 + 0.04788216259277632i, -0.04033611359129525 + -0.0504072402627311i, 0.04899729851079006 + -0.04321907919737668i, 0.03539468877475712 + 0.05432259673940736i, -0.2287895400407939 + -0.04596833082837858i, 0.1312292154562636 + -0.1068875009300247i, 0.08671656449796816 + 0.1402743197624106i, 0.2024600662613363 + 0.1617047243995332i, -0.1753514536669956 + 0.1771607330228427i, -0.283374244621317 + 0.6283061479557456i, 0.3801025998356536 + -0.3104253879482248i, -0.0359752822730438 + 0.03842542499152418i, -0.0336974898323554 + -0.0401762241708277i, 0.04484049932108814 + -0.02753825192337796i, 0.02234481282721803 + 0.04714868775217117i, -0.04801493865099624 + 0.02211847741291241i, -0.01756647483375204 + -0.04918413807307909i, 0.06059181604490117 + 0.03212515435064852i, -0.04153250771289518 + 0.05415633959178141i, -0.04953550470797385 + -0.04701345885879131i, 0.05366598611035134 + -0.0414942612971028i, 0.04454788050873446 + 0.05223521325011005i, -0.05769291205531601 + 0.0362340615351566i, 0.06205043046819846 + -0.2143736351061511i, 0.09140158431946553 + 0.133585307799382i, -0.1405970935571376 + 0.07145727439149653i, -0.1702490971566508 + 0.1800533338391678i, -0.1548547054146685 + -0.1812373762963321i, 0.3801025998356665 + -0.31042538794819i, 0.3590397402332156 + -0.6086255460635758i, -0.03375140897922918 + -0.03734860545235268i, 0.04097517375812339 + -0.02891068239750859i, 0.02266896618516796 + 0.04492918114461924i, -0.04671481935683948 + 0.01753552479091528i, -0.01725075578328602 + -0.04752231912333532i, 0.04827363263029499 + -0.01281942540285859i, -0.03544679086519954 + 0.05518319593613438i, -0.0483000405679701 + -0.04389897629103206i, 0.04875394632507443 + -0.04345932241118344i, 0.03526550540834985 + 0.05445272051255006i, -0.05333265383083783 + 0.03828971677137799i, -0.02993139991416931 + -0.05787101061199449i, 0.245101067958824 + -0.03512005353129166i, -0.01807240381450754 + 0.04868609997672774i, -0.04475923213967478 + -0.02360301613440635i, 0.03065642699175032 + -0.04209246174273926i, 0.03713506527057623 + 0.03362230420691939i, -0.03597528227304038 + 0.03842542499153397i, -0.03375140897923716 + -0.0373486054523301i, 0.292928207597481 + 0.6914446009067395i, 0.03147313108390065 + -0.4482972462343396i, 0.2081077087465862 + 0.01698990585136833i, -0.03902654421127665 + 0.2033188518539648i, 0.1608121195061548 + -0.04026299263327212i, 0.02555638226764959 + 0.161770380739057i, -0.01602540384355161 + 0.04979918509587535i, -0.04622382395026545 + -0.02395067300148761i, 0.02868462270949313 + -0.04348633734758802i, 0.03833675357453876 + 0.03475569753847362i, -0.03327294720453482 + 0.04043873364611741i, -0.03492470945448514 + -0.03848314790084751i, 0.005407150333707411 + 0.2466012576711519i, -0.04598709448884673 + -0.0236983613193997i, 0.02869816719033592 + -0.0414417893451958i, 0.03796049187855705 + 0.03535475288755306i, -0.03769479538745464 + 0.03270288247917759i, -0.03369748983236423 + -0.04017622417082827i, 0.04097517375810598 + -0.0289106823975173i, 0.03147313108391528 + -0.4482972462343586i, -0.1229575718990946 + -0.7420011527944895i, -0.04170221361945842 + 0.203780857114737i, -0.1964081580678648 + -0.06292295843979702i, 0.02057836970280537 + 0.1638567985237125i, -0.1630448854230064 + 0.005919222159877721i, -0.04733282834417728 + -0.02180710419560986i, 0.02921722664218839 + -0.04284864008863702i, 0.03957492397441744 + 0.03357145845787801i, -0.03895947405350145 + 0.03375571629550665i, -0.03601193301046066 + -0.03774456556664685i, 0.04223759233757155 + -0.02993530382574312i, -0.2455890918322158 + -0.03092146308902602i, 0.03029193410836279 + -0.04216258783460698i, 0.03691484993201431 + 0.0345862140883358i, -0.0406817037605828 + 0.03247951320850189i, -0.02691609490188367 + -0.04223089898277107i, 0.04484049932106732 + -0.02753825192334728i, 0.02266896618514409 + 0.04492918114457875i, 0.2081077087466506 + 