
    S=[  0.0053 + 0.0013i  -0.4127 + 0.0330i  -0.0346 - 0.4082i  0.4065 - 0.0427i   0.0844 + 0.3949i  -0.3970 + 0.0732i   -0.0752 - 0.4025i  ;...
  -0.4127 + 0.0330i  -0.0734 - 0.6145i  -0.3370 - 0.3698i  0.0420 - 0.3291i  -0.0347 - 0.1613i   0.1622 - 0.0301i   0.0309 + 0.1644i  ;...
 -0.0346 - 0.4082i  -0.3370 - 0.3698i   0.0716 + 0.6210i   0.3258 + 0.0400i   0.1594 - 0.0351i   0.0306 + 0.1603i   -0.1625 + 0.0314i  ;...
  0.4065 - 0.0427i   0.0420 - 0.3291i   0.3258 + 0.0400i  -0.4202 - 0.5963i   0.0382 + 0.1583i  -0.1593 + 0.0337i  -0.0346 - 0.1615i  ;...
    0.0844 + 0.3949i  -0.0347 - 0.1613i   0.1594 - 0.0351i  0.0382 + 0.1583i  -0.1022 - 0.6744i  -0.2557 + 0.2774i  -0.2820 - 0.2587i  ;...
 -0.3970 + 0.0732i   0.1622 - 0.0301i   0.0306 + 0.1603i  -0.1593 + 0.0337i  -0.2557 + 0.2774i  -0.2607 + 0.6840i  0.2719 + 0.0458i  ;...
 -0.0752 - 0.4025i   0.0309 + 0.1644i  -0.1625 + 0.0314i  -0.0346 - 0.1615i  -0.2820 - 0.2587i   0.2719 + 0.0458i  0.2562 - 0.6774i];

   
     S = reshape(S,1,length(S),length(S));
   
   