
  

S=  [ 0.0043 + 0.0265i     -0.2525 - 0.2492i  0.2497 - 0.2524i    0.2499 + 0.2476i    -0.2481 + 0.2498i  -0.2525 - 0.2492i     0.2497 - 0.2524i     0.2499 + 0.2476i  -0.2481 + 0.2498i  ;...
    -0.2525 - 0.2492i    -0.3155 + 0.0022i   -0.3708 + 0.6145i   0.1197 + 0.2320i     -0.2323 + 0.1195i  -0.0221 + 0.0210i     -0.0210 - 0.0222i     0.0220 - 0.0208i    0.0208 + 0.0220i ;...
      0.2497 - 0.2524i    -0.3708 + 0.6145i   0.3146 - 0.0019i  -0.2323 + 0.1195i     -0.1193 - 0.2326i  -0.0210 - 0.0222i    0.0222 - 0.0210i      0.0208 + 0.0220i     -0.0221 + 0.0208i   ;...
      0.2499 + 0.2476i      0.1197 + 0.2320i   -0.2323 + 0.1195i    -0.3142 + 0.0066i    -0.3753 + 0.6157i     0.0220 - 0.0208i     0.0208 + 0.0220i    -0.0219 + 0.0206i     -0.0206 - 0.0219i ;...
    -0.2481 + 0.2498i   -0.2323 + 0.1195i    -0.1193 - 0.2326i     -0.3753 + 0.6157i      0.3134 - 0.0064i   0.0208 + 0.0220i    -0.0221 + 0.0208i    -0.0206 - 0.0219i     0.0219 - 0.0206i   ;...
    -0.2525 - 0.2492i     -0.0221 + 0.0210i   -0.0210 - 0.0222i     0.0220 - 0.0208i     0.0208 + 0.0220i   -0.3155 + 0.0022i    -0.3708 + 0.6145i     0.1197 + 0.2320i     -0.2323 + 0.1195i    ;...
    0.2497 - 0.2524i     -0.0210 - 0.0222i   0.0222 - 0.0210i     0.0208 + 0.0220i    -0.0221 + 0.0208i    -0.3708 + 0.6145i      0.3146 - 0.0019i     -0.2323 + 0.1195i   -0.1193 - 0.2326i    ;...
    0.2499 + 0.2476i     0.0220 - 0.0208i   0.0208 + 0.0220i    -0.0219 + 0.0206i     -0.0206 - 0.0219i    0.1197 + 0.2320i     -0.2323 + 0.1195i     -0.3142 + 0.0066i  -0.3753 + 0.6157i   ;...
      -0.2481 + 0.2498i     0.0208 + 0.0220i   -0.0221 + 0.0208i   -0.0206 - 0.0219i     0.0219 - 0.0206i    -0.2323 + 0.1195i     -0.1193 - 0.2326i     -0.3753 + 0.6157i     0.3134 - 0.0064i ];
   
S = reshape(S,1,length(S)*length(S));

  





  







  
 









  
 




