
    S=[0.0047 + 0.0267i  -0.2511 - 0.2518i   0.2497 - 0.2496i  0.2521 + 0.2482i  -0.2461 + 0.2506i  -0.2511 - 0.2518i   0.2497 - 0.2496i   0.2521 + 0.2482i  -0.2461 + 0.2506i ;...
  -0.2511 - 0.2518i  -0.4527 - 0.1857i  -0.6757 + 0.0471i  -0.1635 + 0.0983i  -0.0978 - 0.1622i   0.0140 - 0.0756i   0.0751 + 0.0138i  -0.0132 + 0.0753i  -0.0748 - 0.0130i ;...
   0.2497 - 0.2496i  -0.6757 + 0.0471i   0.4538 + 0.1946i  -0.0978 - 0.1622i   0.1609 - 0.0973i   0.0751 + 0.0138i  -0.0136 + 0.0745i  -0.0748 - 0.0130i   0.0129 - 0.0743i ;...
   0.2521 + 0.2482i  -0.1635 + 0.0983i  -0.0978 - 0.1622i  -0.4498 - 0.1809i  -0.6804 + 0.0499i  -0.0132 + 0.0753i  -0.0748 - 0.0130i   0.0125 - 0.0751i   0.0745 + 0.0123i ;...
  -0.2461 + 0.2506i  -0.0978 - 0.1622i   0.1609 - 0.0973i  -0.6804 + 0.0499i   0.4510 + 0.1899i  -0.0748 - 0.0130i   0.0129 - 0.0743i   0.0745 + 0.0123i  -0.0121 + 0.0740i ;...
  -0.2511 - 0.2518i   0.0140 - 0.0756i   0.0751 + 0.0138i  -0.0132 + 0.0753i  -0.0748 - 0.0130i  -0.4527 - 0.1857i  -0.6757 + 0.0471i  -0.1635 + 0.0983i  -0.0978 - 0.1622i ;...
   0.2497 - 0.2496i   0.0751 + 0.0138i  -0.0136 + 0.0745i  -0.0748 - 0.0130i   0.0129 - 0.0743i  -0.6757 + 0.0471i   0.4538 + 0.1946i  -0.0978 - 0.1622i   0.1609 - 0.0973i ;...
    0.2521 + 0.2482i  -0.0132 + 0.0753i  -0.0748 - 0.0130i  0.0125 - 0.0751i   0.0745 + 0.0123i  -0.1635 + 0.0983i  -0.0978 - 0.1622i  -0.4498 - 0.1809i  -0.6804 + 0.0499i ;...
   -0.2461 + 0.2506i  -0.0748 - 0.0130i   0.0129 - 0.0743i  0.0745 + 0.0123i  -0.0121 + 0.0740i  -0.0978 - 0.1622i   0.1609 - 0.0973i  -0.6804 + 0.0499i   0.4510 + 0.1899i ];
   
     S = reshape(S,1,length(S)*length(S));
   
   