
    S=[ 0.0125 + 0.0069i   0.4171 - 0.0668i   0.0681 + 0.4114i  -0.4087 + 0.0733i  -0.0859 - 0.3855i  0.3880 - 0.0778i   0.0798 + 0.3942i ;...   
  0.4171 - 0.0668i   0.0492 - 0.5173i  -0.4316 - 0.2474i  -0.1382 - 0.3935i  -0.1090 - 0.0139i  0.0163 - 0.1089i   0.1107 + 0.0163i ;...
  0.0681 + 0.4114i  -0.4316 - 0.2474i  -0.0503 + 0.5290i   0.3877 - 0.1384i   0.0132 - 0.1077i  0.1076 + 0.0155i  -0.0156 + 0.1094i ;...
  -0.4087 + 0.0733i  -0.1382 - 0.3935i   0.3877 - 0.1384i  -0.3496 - 0.4860i   0.1074 + 0.0117i   -0.0140 + 0.1073i  -0.1091 - 0.0140i ;...
  -0.0859 - 0.3855i  -0.1090 - 0.0139i   0.0132 - 0.1077i   0.1074 + 0.0117i  -0.3213 - 0.7083i  -0.1659 + 0.1682i  -0.1712 - 0.1682i ;...
  0.3880 - 0.0778i   0.0163 - 0.1089i   0.1076 + 0.0155i  -0.0140 + 0.1073i  -0.1659 + 0.1682i  -0.0965 + 0.7520i   0.2037 + 0.2124i ;...
  0.0798 + 0.3942i   0.1107 + 0.0163i  -0.0156 + 0.1094i  -0.1091 - 0.0140i  -0.1712 - 0.1682i  0.2037 + 0.2124i   0.0866 - 0.7458i];
   
     S = reshape(S,1,length(S)*length(S));
   
   