% Matlab m-File exported from HFSS12.1.1 
% Note: In three-dimensional arrays, like S(i,j,k), the first index corresponds to the frequency.
%       So, S(N,j,k) is an S(j,k) matrix for frequency N.

f = zeros(1,1);
S = zeros(1,7,7);

f = [3700000000 ];
S(1,:,:) = [    1.003220E-002 +    7.211320E-003i,    4.252795E-001 -    3.700433E-002i,    3.345759E-002 +    4.245932E-001i,   -4.107642E-001 +    3.497990E-002i,   -4.480531E-002 -    3.819781E-001i,    3.962403E-001 -    4.048354E-002i,    4.812683E-002 +    3.967235E-001i;   4.252795E-001 -    3.700433E-002i,   -4.695833E-001 -    2.853866E-001i,   -5.712462E-001 +    3.997804E-002i,   -2.770572E-001 -    1.674068E-001i,   -1.552133E-001 -    4.767965E-002i,    5.177615E-002 -    1.599887E-001i,    1.614758E-001 +    4.890513E-002i;   3.345759E-002 +    4.245932E-001i,   -5.712462E-001 +    3.997804E-002i,    4.650274E-001 +    2.956277E-001i,    1.692727E-001 -    2.750516E-001i,    4.883204E-002 -    1.544649E-001i,    1.591959E-001 +    5.295789E-002i,   -5.010563E-002 +    1.607029E-001i;  -4.107642E-001 +    3.497990E-002i,   -2.770572E-001 -    1.674068E-001i,    1.692727E-001 -    2.750516E-001i,   -7.306688E-001 +    9.784124E-002i,    1.498070E-001 +    4.632073E-002i,   -5.028526E-002 +    1.544113E-001i,   -1.558526E-001 -    4.751531E-002i;  -4.480531E-002 -    3.819781E-001i,   -1.552133E-001 -    4.767965E-002i,    4.883204E-002 -    1.544649E-001i,    1.498070E-001 +    4.632073E-002i,   -6.346210E-001 -    2.055045E-001i,    1.448182E-001 +    3.787278E-001i,   -3.771768E-001 +    1.524587E-001i;   3.962403E-001 -    4.048354E-002i,    5.177615E-002 -    1.599887E-001i,    1.591959E-001 +    5.295789E-002i,   -5.028526E-002 +    1.544113E-001i,    1.448182E-001 +    3.787278E-001i,    3.434338E-001 +    6.286508E-001i,    2.459658E-001 -    1.431901E-001i;   4.812683E-002 +    3.967235E-001i,    1.614758E-001 +    4.890513E-002i,   -5.010563E-002 +    1.607029E-001i,   -1.558526E-001 -    4.751531E-002i,   -3.771768E-001 +    1.524587E-001i,    2.459658E-001 -    1.431901E-001i,   -3.659672E-001 -    6.135990E-001i];
