
  

S=  [ 0.0043 + 0.0033i  -0.3943 + 0.0482i  -0.0477 - 0.3933i  0.3810 - 0.0479i   0.0684 + 0.4081i  -0.4223 + 0.0651i  -0.0696 - 0.4232i ;... 
  -0.3943 + 0.0482i  -0.4341 - 0.6321i  -0.2360 + 0.0609i  -0.2999 + 0.1355i   0.1610 - 0.0315i   0.0303 + 0.1666i  -0.1669 + 0.0321i ;...
 -0.0477 - 0.3933i  -0.2360 + 0.0609i   0.4333 + 0.6342i   -0.1348 - 0.2992i   0.0312 + 0.1605i  -0.1662 + 0.0301i  -0.0319 - 0.1665i ;...
  0.3810 - 0.0479i  -0.2999 + 0.1355i  -0.1348 - 0.2992i   -0.7043 - 0.2445i  -0.1555 + 0.0309i  -0.0298 - 0.1609i   0.1612 - 0.0316i ;...
  0.0684 + 0.4081i   0.1610 - 0.0315i   0.0312 + 0.1605i  -0.1555 + 0.0309i  -0.6418 + 0.0644i  -0.1875 + 0.3609i  -0.3641 - 0.1845i ;...
  -0.4223 + 0.0651i   0.0303 + 0.1666i  -0.1662 + 0.0301i  -0.0298 - 0.1609i  -0.1875 + 0.3609i   0.3630 + 0.3115i   0.5680 - 0.1209i ;...
  -0.0696 - 0.4232i  -0.1669 + 0.0321i  -0.0319 - 0.1665i  0.1612 - 0.0316i  -0.3641 - 0.1845i   0.5680 - 0.1209i   -0.3683 - 0.2998i];

   
S = reshape(S,1,length(S),length(S));

  


% AS = abs(S)
% Depha = angle(S)*180/pi
% Depha(1,2)
% 
% Depha_entre_guide = [ Depha(1,2)-Depha(1,3)-360 , Depha(1,3)-Depha(1,4) , ...
%                       Depha(1,4)-Depha(1,5) , Depha(1,5)-Depha(1,6) , ...
%                       Depha(1,6)-Depha(1,7)-360 ]
  



  







  
 









  
 




