

S = ...
[0.001097602139238 + 0.029716393505669i,0.234947481893664 + 0.267281680092112i,-0.265845757307031 + 0.23356637203409i,-0.234479394112528 - 0.263743706146191i,0.262327395855817 - 0.23310192934052i,0.234947411118125 + 0.267281716174176i,-0.265845793169531 + 0.233566301645338i,-0.234459899756658 - 0.263755976931473i,0.262339593140146 - 0.233082540907896i;0.234947481893664 + 0.267281680092112i,-0.503948608007831 - 0.046965685475565i,-0.709256056719009 + 0.144776605743734i,-0.060986505914296 + 0.108618745805127i,-0.107995987679738 - 0.060672635797342i,0.052979347890112 - 0.113985383867928i,0.113334580126604 + 0.052711642989899i,-0.051908887962121 + 0.113326120717578i,-0.112679309625844 - 0.051646966177817i;-0.265845757307031 + 0.23356637203409i,-0.709256056719009 + 0.144776605743735i,0.505546820265298 + 0.055176298135831i,-0.107995947835534 - 0.060672671059193i,0.060360400112633 - 0.107376751497985i,0.113334580126604 + 0.052711642989899i,-0.052445272024774 + 0.112687483444842i,-0.112679272791342 - 0.051647004604773i,0.051386385413068 - 0.112036144977459i;-0.234479394112528 - 0.263743706146191i,-0.060986505914296 + 0.108618745805127i,-0.107995947835534 - 0.060672671059193i,-0.501223846057284 - 0.043131827428329i,-0.713069460355069 + 0.147485167922277i,-0.051902168891876 + 0.113330659569197i,-0.112683787943686 - 0.051640324252609i,0.050844307791079 - 0.112670922993936i,0.112028042982993 + 0.050588175799834i;0.262327395855817 - 0.23310192934052i,-0.107995987679738 - 0.060672635797342i,0.060360400112633 - 0.107376751497985i,-0.713069460355069 + 0.147485167922277i,0.502854362206444 + 0.051383240278568i,-0.112683824784223 - 0.051640285815194i,0.051379743546092 - 0.112040636559363i,0.11202804299099 + 0.050588175792168i,-0.050333315221649 + 0.111388822625324i;0.234947411118126 + 0.267281716174176i,0.052979347890112 - 0.113985383867928i,0.113334580126604 + 0.052711642989899i,-0.051902168891876 + 0.113330659569197i,-0.112683824784223 - 0.051640285815194i,-0.503948566080329 - 0.046965648270888i,-0.709256093726125 + 0.144776647427404i,-0.060992867549855 + 0.108613637584927i,-0.107990906426074 - 0.060678960580983i;-0.265845793169531 + 0.233566301645338i,0.113334580126604 + 0.052711642989899i,-0.052445272024774 + 0.112687483444842i,-0.112683787943686 - 0.051640324252609i,0.051379743546092 - 0.112040636559363i,-0.709256093726126 + 0.144776647427404i,0.505546778824047 + 0.055176261325231i,-0.107990866588726 - 0.060678995832891i,0.060366688247289 - 0.107371697076139i;-0.234459899756658 - 0.263755976931473i,-0.051908887962121 + 0.113326120717579i,-0.112679272791342 - 0.051647004604773i,0.050844307791079 - 0.112670922993936i,0.11202804299099 + 0.050588175792168i,-0.060992867549855 + 0.108613637584927i,-0.107990866588726 - 0.060678995832891i,-0.501268051445098 - 0.043152359247006i,-0.713049032224965 + 0.147441214907637i;0.262339593140146 - 0.233082540907896i,-0.112679309625844 - 0.051646966177818i,0.051386385413068 - 0.112036144977459i,0.112028042982993 + 0.050588175799834i,-0.050333315221649 + 0.111388822625324i,-0.107990906426074 - 0.060678960580983i,0.060366688247289 - 0.107371697076139i,-0.713049032224965 + 0.147441214907637i,0.502898064285329 + 0.051403565236408i;]
S = reshape(S,1,length(S),length(S));  
size(S)








% for idx = 1:81
%            AAS(idx) = abs(S(idx));
%            DDS(idx) = angle(S(idx))*180/pi;
%        end
%        
%        for idx = 1:9
%            for jdx = 1:9
%            
%            AS(idx,jdx) = AAS( (idx-1)*9 + jdx);
%            DS(idx,jdx) = DDS( (idx-1)*9 + jdx); 
%            end
%        end
%        
%        AS
%        DS
%        
%        
%      
%        
%        
%        for idx = 1:7
%      diff(idx) = (DS(1,idx+1)-DS(1,idx+2));
%        end
%        diff(2) = diff(2) - 360;
%        diff(6) = diff(6) - 360;
%        diff
%        
%        
%        teoretical = [-90 , -90, -90, -90, -90, -90, -90 ];
% 
% diff_from_90 = teoretical - diff