% Matlab m-File exported from HFSS11.0 
% Note: In three-dimensional arrays, like S(i,j,k), the first index corresponds to the frequency.
%       So, S(N,j,k) is an S(j,k) matrix for frequency N.

f = zeros(1,1);
S = zeros(1,10,10);

f = [3700000000 ];
S(1,:,:) = [   -5.851030E-002 +    1.987838E-003i,    2.547695E-001 +    2.440167E-001i,    2.311736E-001 -    2.675287E-001i,   -2.638104E-001 -    2.328837E-001i,   -2.195724E-001 +    2.757885E-001i,    3.530605E-001 +    7.212766E-003i,   -1.076128E-002 -    3.537857E-001i,   -3.522954E-001 +    6.593416E-003i,    2.499118E-002 +    3.522116E-001i,    5.857950E-003 +    1.244309E-002i;   2.547695E-001 +    2.440167E-001i,    3.944453E-001 +    1.465438E-001i,    3.531389E-001 +    5.739435E-001i,   -9.236357E-002 +    2.254176E-001i,    2.302267E-001 +    8.093790E-002i,    5.061619E-003 +    9.697029E-003i,    9.449070E-003 -    5.560618E-003i,   -5.425221E-003 -    9.470658E-003i,   -9.194415E-003 +    5.923683E-003i,    2.825503E-001 -    2.124979E-001i;   2.311736E-001 -    2.675287E-001i,    3.531389E-001 +    5.739435E-001i,   -4.048648E-001 -    1.071614E-001i,    2.303681E-001 +    8.088424E-002i,    6.920111E-002 -    2.345955E-001i,    9.446418E-003 -    5.563911E-003i,   -6.050656E-003 -    9.172622E-003i,   -9.201177E-003 +    5.916240E-003i,    6.400996E-003 +    8.899101E-003i,   -2.271946E-001 -    2.719123E-001i;  -2.638104E-001 -    2.328837E-001i,   -9.236357E-002 +    2.254176E-001i,    2.303681E-001 +    8.088424E-002i,    4.128936E-001 +    1.540547E-001i,    3.615933E-001 +    5.544431E-001i,   -5.437710E-003 -    9.459740E-003i,   -9.192385E-003 +    5.925006E-003i,    5.790933E-003 +    9.219388E-003i,    8.923866E-003 -    6.276547E-003i,   -2.730020E-001 +    2.232405E-001i;  -2.195724E-001 +    2.757885E-001i,    2.302267E-001 +    8.093790E-002i,    6.920111E-002 -    2.345955E-001i,    3.615933E-001 +    5.544431E-001i,   -4.244915E-001 -    1.127510E-001i,   -9.187624E-003 +    5.921704E-003i,    6.395632E-003 +    8.895343E-003i,    8.929181E-003 -    6.262868E-003i,   -6.733680E-003 -    8.608806E-003i,    2.372404E-001 +    2.617746E-001i;   3.530605E-001 +    7.212766E-003i,    5.061619E-003 +    9.697029E-003i,    9.446418E-003 -    5.563911E-003i,   -5.437710E-003 -    9.459740E-003i,   -9.187624E-003 +    5.921704E-003i,    3.951245E-001 +    1.344819E-001i,    3.421245E-001 +    5.737440E-001i,   -9.225481E-002 +    2.370276E-001i,    2.420194E-001 +    7.994810E-002i,   -6.386793E-002 +    3.473335E-001i;  -1.076128E-002 -    3.537857E-001i,    9.449070E-003 -    5.560618E-003i,   -6.050656E-003 -    9.172622E-003i,   -9.192385E-003 +    5.925006E-003i,    6.395632E-003 +    8.895343E-003i,    3.421245E-001 +    5.737440E-001i,   -4.041711E-001 -    9.539474E-002i,    2.419664E-001 +    8.027650E-002i,    6.770309E-002 -    2.463364E-001i,    3.509383E-001 +    4.624298E-002i;  -3.522954E-001 +    6.593416E-003i,   -5.425221E-003 -    9.470658E-003i,   -9.201177E-003 +    5.916240E-003i,    5.790933E-003 +    9.219388E-003i,    8.929181E-003 -    6.262868E-003i,   -9.225481E-002 +    2.370276E-001i,    2.419664E-001 +    8.027650E-002i,    4.124905E-001 +    1.432073E-001i,    3.495031E-001 +    5.556101E-001i,    5.011739E-002 -    3.487975E-001i;   2.499118E-002 +    3.522116E-001i,   -9.194415E-003 +    5.923683E-003i,    6.400996E-003 +    8.899101E-003i,    8.923866E-003 -    6.276547E-003i,   -6.733680E-003 -    8.608806E-003i,    2.420194E-001 +    7.994810E-002i,    6.770309E-002 -    2.463364E-001i,    3.495031E-001 +    5.556101E-001i,   -4.229011E-001 -    1.010933E-001i,   -3.516719E-001 -    3.194418E-002i;   5.857950E-003 +    1.244309E-002i,    2.825503E-001 -    2.124979E-001i,   -2.271946E-001 -    2.719123E-001i,   -2.730020E-001 +    2.232405E-001i,    2.372404E-001 +    2.617746E-001i,   -6.386793E-002 +    3.473335E-001i,    3.509383E-001 +    4.624298E-002i,    5.011739E-002 -    3.487975E-001i,   -3.516719E-001 -    3.194418E-002i,   -3.133932E-002 +    1.512658E-002i];

% MODIF JH 25/02/2008
% on ne recupere que les 9 coefficients (on ne s'interesse pas au 10 : voie retour vers la charge
S = S(1,1:end-1, 1:end-1);
S = reshape(S,1,length(S)*length(S)); 

S=conj(S);
