% Matlab m-File exported from HFSS11.0 
% Note: In three-dimensional arrays, like S(i,j,k), the first index corresponds to the frequency.
%       So, S(N,j,k) is an S(j,k) matrix for frequency N.

f = zeros(1,1);
S = zeros(1,10,10);

f = [3700000000 ];
S(1,:,:) = [   -5.391235E-002 +    3.277218E-002i,    2.652868E-001 -    2.312839E-001i,   -2.451310E-001 -    2.535569E-001i,   -2.549269E-001 +    2.410388E-001i,    2.543071E-001 +    2.427922E-001i,    3.534046E-001 +    9.326315E-003i,   -8.995194E-003 -    3.540612E-001i,   -3.525284E-001 +    6.738000E-003i,    2.452309E-002 +    3.525019E-001i,    3.607838E-002 +    1.256367E-002i;   2.652868E-001 -    2.312839E-001i,    4.088403E-001 +    1.372358E-001i,    3.425309E-001 +    5.599635E-001i,   -1.055580E-001 +    2.358409E-001i,    2.414506E-001 +    9.356255E-002i,    9.835161E-003 -    4.218994E-003i,   -4.731070E-003 -    9.621196E-003i,   -9.607637E-003 +    4.649596E-003i,    5.138271E-003 +    9.381680E-003i,   -1.865052E-001 -    3.003371E-001i;  -2.451310E-001 -    2.535569E-001i,    3.425309E-001 +    5.599635E-001i,   -4.185493E-001 -    9.602083E-002i,    2.414561E-001 +    9.347597E-002i,    8.118255E-002 -    2.464515E-001i,   -4.729165E-003 -    9.624852E-003i,   -9.384328E-003 +    5.230584E-003i,    5.148352E-003 +    9.374960E-003i,    9.123643E-003 -    5.625735E-003i,   -2.909416E-001 +    2.021266E-001i;  -2.549269E-001 +    2.410388E-001i,   -1.055580E-001 +    2.358409E-001i,    2.414561E-001 +    9.347597E-002i,    4.266580E-001 +    1.443648E-001i,    3.494192E-001 +    5.417432E-001i,   -9.626330E-003 +    4.597952E-003i,    5.099383E-003 +    9.392612E-003i,    9.382384E-003 -    5.017688E-003i,   -5.495330E-003 -    9.137664E-003i,    1.978483E-001 +    2.916397E-001i;   2.543071E-001 +    2.427922E-001i,    2.414506E-001 +    9.356255E-002i,    8.118255E-002 -    2.464515E-001i,    3.494192E-001 +    5.417432E-001i,   -4.369119E-001 -    1.016615E-001i,    5.095145E-003 +    9.398906E-003i,    9.139294E-003 -    5.585026E-003i,   -5.502738E-003 -    9.133244E-003i,   -8.863839E-003 +    5.968245E-003i,    2.817494E-001 -    2.129611E-001i;   3.534046E-001 +    9.326315E-003i,    9.835161E-003 -    4.218994E-003i,   -4.729165E-003 -    9.624852E-003i,   -9.626330E-003 +    4.597952E-003i,    5.095145E-003 +    9.398906E-003i,    3.931242E-001 +    1.345263E-001i,    3.421680E-001 +    5.752594E-001i,   -9.304042E-002 +    2.363044E-001i,    2.412067E-001 +    8.120554E-002i,   -6.384235E-002 +    3.472278E-001i;  -8.995194E-003 -    3.540612E-001i,   -4.731070E-003 -    9.621196E-003i,   -9.384328E-003 +    5.230584E-003i,    5.099383E-003 +    9.392612E-003i,    9.139294E-003 -    5.585026E-003i,    3.421680E-001 +    5.752594E-001i,   -4.028868E-001 -    9.452321E-002i,    2.412448E-001 +    8.083221E-002i,    6.873732E-002 -    2.455358E-001i,    3.507083E-001 +    4.586783E-002i;  -3.525284E-001 +    6.738000E-003i,   -9.607637E-003 +    4.649596E-003i,    5.148352E-003 +    9.374960E-003i,    9.382384E-003 -    5.017688E-003i,   -5.502738E-003 -    9.133244E-003i,   -9.304042E-002 +    2.363044E-001i,    2.412448E-001 +    8.083221E-002i,    4.137853E-001 +    1.448793E-001i,    3.485759E-001 +    5.552439E-001i,    4.785780E-002 -    3.488471E-001i;   2.452309E-002 +    3.525019E-001i,    5.138271E-003 +    9.381680E-003i,    9.123643E-003 -    5.625735E-003i,   -5.495330E-003 -    9.137664E-003i,   -8.863839E-003 +    5.968245E-003i,    2.412067E-001 +    8.120554E-002i,    6.873732E-002 -    2.455358E-001i,    3.485759E-001 +    5.552439E-001i,   -4.239373E-001 -    1.041729E-001i,   -3.515707E-001 -    3.030689E-002i;   3.607838E-002 +    1.256367E-002i,   -1.865052E-001 -    3.003371E-001i,   -2.909416E-001 +    2.021266E-001i,    1.978483E-001 +    2.916397E-001i,    2.817494E-001 -    2.129611E-001i,   -6.384235E-002 +    3.472278E-001i,    3.507083E-001 +    4.586783E-002i,    4.785780E-002 -    3.488471E-001i,   -3.515707E-001 -    3.030689E-002i,   -2.395646E-002 -    1.722708E-002i];

% MODIF JH 25/02/2008
% on ne recupere que les 9 coefficients (on ne s'interesse pas au 10 : voie retour vers la charge
S = S(1,1:end-1, 1:end-1);
S = reshape(S,1,length(S)*length(S)); 
