% Matlab m-File exported from HFSS13.0.2 
% Note: In three-dimensional arrays, like S(i,j,k), the first index corresponds to the frequency.
%       So, S(N,j,k) is an S(j,k) matrix for frequency N.

f = zeros(1,1);
S = zeros(1,5,5);

f = [5000000000 ];
S(1,:,:) = [    2.455609E-002 -    8.113276E-003i,    7.408422E-002 +    5.065203E-001i,    5.917000E-002 +    4.986144E-001i,    5.218747E-002 +    4.953520E-001i,    3.794545E-002 +    4.854127E-001i;   7.408422E-002 +    5.065203E-001i,   -6.813032E-001 +    2.602612E-001i,    2.655747E-001 -    3.536556E-002i,    2.456151E-001 -    9.261659E-002i,    2.312895E-001 -    1.088977E-001i;   5.917000E-002 +    4.986144E-001i,    2.655747E-001 -    3.536556E-002i,   -7.184925E-001 +    1.733456E-001i,    2.553155E-001 -    3.226726E-002i,    2.309216E-001 -    1.013397E-001i;   5.218747E-002 +    4.953520E-001i,    2.456151E-001 -    9.261659E-002i,    2.553155E-001 -    3.226726E-002i,   -7.254803E-001 +    1.692029E-001i,    2.441653E-001 -    4.693673E-002i;   3.794545E-002 +    4.854127E-001i,    2.312895E-001 -    1.088977E-001i,    2.309216E-001 -    1.013397E-001i,    2.441653E-001 -    4.693673E-002i,   -7.179188E-001 +    2.382423E-001i];
