% Matlab m-File exported from HFSS13.0.2 
% Note: In three-dimensional arrays, like S(i,j,k), the first index corresponds to the frequency.
%       So, S(N,j,k) is an S(j,k) matrix for frequency N.

f = zeros(1,1);
S = zeros(1,5,5);

f = [5000000000 ];
S(1,:,:) = [   -8.692293E-004 +    1.601911E-002i,    4.303771E-002 +    4.849887E-001i,    5.423862E-002 +    4.950154E-001i,    6.092684E-002 +    4.960196E-001i,    7.499123E-002 +    5.092377E-001i;   4.303771E-002 +    4.849887E-001i,   -7.241261E-001 +    2.361097E-001i,    2.370670E-001 -    5.134557E-002i,    2.227256E-001 -    1.044567E-001i,    2.255228E-001 -    1.123021E-001i;   5.423862E-002 +    4.950154E-001i,    2.370670E-001 -    5.134557E-002i,   -7.326115E-001 +    1.670178E-001i,    2.460573E-001 -    3.827702E-002i,    2.385562E-001 -    9.822307E-002i;   6.092684E-002 +    4.960196E-001i,    2.227256E-001 -    1.044567E-001i,    2.460573E-001 -    3.827702E-002i,   -7.281271E-001 +    1.728179E-001i,    2.566210E-001 -    4.284665E-002i;   7.499123E-002 +    5.092377E-001i,    2.255228E-001 -    1.123021E-001i,    2.385562E-001 -    9.822307E-002i,    2.566210E-001 -    4.284665E-002i,   -6.874892E-001 +    2.543473E-001i];
