% Matlab m-File exported from HFSS13.0.2 
% Note: In three-dimensional arrays, like S(i,j,k), the first index corresponds to the frequency.
%       So, S(N,j,k) is an S(j,k) matrix for frequency N.

f = zeros(1,1);
S = zeros(1,5,5);

f = [5000000000 ];
S(1,:,:) = [    3.274494E-002 -    8.432828E-004i,   -1.979952E-001 -    4.455041E-001i,   -2.156653E-001 -    4.488744E-001i,   -2.227423E-001 -    4.477698E-001i,   -2.401471E-001 -    4.532866E-001i;  -1.979952E-001 -    4.455041E-001i,   -7.179281E-001 +    2.313648E-001i,    2.434227E-001 -    5.435951E-002i,    2.290723E-001 -    1.087063E-001i,    2.307671E-001 -    1.167017E-001i;  -2.156653E-001 -    4.488744E-001i,    2.434227E-001 -    5.435951E-002i,   -7.263763E-001 +    1.632853E-001i,    2.532578E-001 -    3.879802E-002i,    2.448366E-001 -    9.958033E-002i;  -2.227423E-001 -    4.477698E-001i,    2.290723E-001 -    1.087063E-001i,    2.532578E-001 -    3.879802E-002i,   -7.212261E-001 +    1.686348E-001i,    2.637158E-001 -    4.244167E-002i;  -2.401471E-001 -    4.532866E-001i,    2.307671E-001 -    1.167017E-001i,    2.448366E-001 -    9.958033E-002i,    2.637158E-001 -    4.244167E-002i,   -6.817302E-001 +    2.530282E-001i];
