% Matlab m-File exported from HFSS12.0.0 
% Note: In three-dimensional arrays, like S(i,j,k), the first index corresponds to the frequency.
%       So, S(N,j,k) is an S(j,k) matrix for frequency N.

f = zeros(1,1);
S = zeros(1,9,9);

f = [5000000000 ];
S(1,:,:) = [    7.882475E-003 +    2.888556E-003i,   -3.162877E-001 -    1.580838E-001i,    3.033617E-001 -    1.810904E-001i,    3.514504E-002 +    3.529693E-001i,   -3.158843E-001 -    1.609676E-001i,    2.975673E-001 -    1.891324E-001i,   -8.590969E-004 +    3.524286E-001i,   -3.199608E-001 -    1.509412E-001i,    2.991907E-001 -    1.880580E-001i;  -3.162877E-001 -    1.580838E-001i,   -1.684254E-001 +    5.237504E-001i,    1.023892E-001 +    4.670496E-001i,   -1.217786E-001 +    3.555217E-001i,   -2.333248E-001 -    2.943474E-001i,   -1.230722E-001 +    1.243202E-002i,    5.577002E-002 -    1.103513E-001i,    7.653762E-002 +    9.770781E-002i,   -1.234120E-001 +    1.183954E-002i;   3.033617E-001 -    1.810904E-001i,    1.023892E-001 +    4.670496E-001i,    5.468564E-001 -    6.635517E-002i,   -2.336614E-001 -    2.939303E-001i,    3.733797E-001 -    3.789078E-002i,    5.580513E-002 -    1.102809E-001i,    6.285028E-002 +    1.063594E-001i,   -1.234502E-001 +    1.180854E-002i,    5.648673E-002 -    1.102478E-001i;   3.514504E-002 +    3.529693E-001i,   -1.217786E-001 +    3.555217E-001i,   -2.336614E-001 -    2.939303E-001i,   -3.702553E-001 +    4.673447E-001i,    2.606665E-001 +    3.267379E-001i,    7.641606E-002 +    9.777069E-002i,   -1.234787E-001 +    1.173985E-002i,    4.194044E-002 -    1.172334E-001i,    7.609518E-002 +    9.837604E-002i;  -3.158843E-001 -    1.609676E-001i,   -2.333248E-001 -    2.943474E-001i,    3.733797E-001 -    3.789078E-002i,    2.606665E-001 +    3.267379E-001i,    5.795402E-001 +    1.418274E-001i,   -1.234924E-001 +    1.150405E-002i,    5.677779E-002 -    1.102058E-001i,    7.597596E-002 +    9.856177E-002i,   -1.238285E-001 +    1.090737E-002i;   2.975673E-001 -    1.891324E-001i,   -1.230722E-001 +    1.243202E-002i,    5.580513E-002 -    1.102809E-001i,    7.641606E-002 +    9.777069E-002i,   -1.234924E-001 +    1.150405E-002i,   -1.472100E-001 +    7.374832E-001i,   -9.091873E-002 +    3.710949E-001i,    4.809469E-002 +    2.216776E-001i,   -2.124390E-001 -    7.880180E-002i;  -8.590969E-004 +    3.524286E-001i,    5.577002E-002 -    1.103513E-001i,    6.285028E-002 +    1.063594E-001i,   -1.234787E-001 +    1.173985E-002i,    5.677779E-002 -    1.102058E-001i,   -9.091873E-002 +    3.710949E-001i,    7.313273E-001 -    1.759816E-001i,   -2.125983E-001 -    7.880474E-002i,    1.807133E-001 -    1.365174E-001i;  -3.199608E-001 -    1.509412E-001i,    7.653762E-002 +    9.770781E-002i,   -1.234502E-001 +    1.180854E-002i,    4.194044E-002 -    1.172334E-001i,    7.597596E-002 +    9.856177E-002i,    4.809469E-002 +    2.216776E-001i,   -2.125983E-001 -    7.880474E-002i,   -5.763216E-001 +    3.944025E-001i,    4.301737E-001 +    1.935370E-001i;   2.991907E-001 -    1.880580E-001i,   -1.234120E-001 +    1.183954E-002i,    5.648673E-002 -    1.102478E-001i,    7.609518E-002 +    9.837604E-002i,   -1.238285E-001 +    1.090737E-002i,   -2.124390E-001 -    7.880180E-002i,    1.807133E-001 -    1.365174E-001i,    4.301737E-001 +    1.935370E-001i,    6.007344E-001 +    3.570157E-001i];
