% Matlab m-File exported from HFSS11.1.1 
% Note: In three-dimensional arrays, like S(i,j,k), the first index corresponds to the frequency.
%       So, S(N,j,k) is an S(j,k) matrix for frequency N.

f = zeros(1,1);
S = zeros(1,5,5);

f = [3700000000 ];
S(1,:,:) = [    9.349377E-003 -    6.762625E-003i,   -4.757736E-001 +    7.204837E-002i,    6.786104E-002 +    4.832772E-001i,    4.985768E-001 -    8.495181E-002i,   -9.263913E-002 -    5.033869E-001i;  -4.757736E-001 +    7.204837E-002i,   -7.423744E-002 +    2.319112E-001i,   -7.311350E-001 -    1.669496E-001i,    4.158554E-002 -    2.395982E-001i,   -2.430129E-001 -    3.887432E-002i;   6.786104E-002 +    4.832772E-001i,   -7.311350E-001 -    1.669496E-001i,    7.468172E-002 -    2.096212E-001i,   -2.425252E-001 -    4.479338E-002i,   -4.208125E-002 +    2.460178E-001i;   4.985768E-001 -    8.495181E-002i,    4.158554E-002 -    2.395982E-001i,   -2.425252E-001 -    4.479338E-002i,    1.452032E-001 -    7.142021E-001i,    2.452661E-001 +    8.003493E-002i;  -9.263913E-002 -    5.033869E-001i,   -2.430129E-001 -    3.887432E-002i,   -4.208125E-002 +    2.460178E-001i,    2.452661E-001 +    8.003493E-002i,   -1.243120E-001 +    7.120524E-001i];
