% Matlab m-File exported from HFSS11.0 
% Note: In three-dimensional arrays, like S(i,j,k), the first index corresponds to the frequency.
%       So, S(N,j,k) is an S(j,k) matrix for frequency N.

f = zeros(1,1);
S = zeros(1,9,9);

f = [3700000000 ];
S(1,:,:) = [   -5.920825E-002 +    8.092388E-004i,   -2.870023E-001 +    1.972970E-001i,   -1.819153E-001 -    2.960810E-001i,    2.947605E-001 -    1.863103E-001i,    1.707060E-001 +    3.033131E-001i,   -3.296001E-001 +    1.386681E-001i,   -1.216280E-001 -    3.353138E-001i,    3.397639E-001 -    1.147687E-001i,    8.607377E-002 +    3.472632E-001i;  -2.870023E-001 +    1.972970E-001i,   -2.108111E-001 -    4.295817E-001i,    9.001203E-002 +    7.467220E-001i,    1.038711E-001 -    5.869031E-002i,    5.321365E-002 +    1.065302E-001i,   -9.100011E-002 +    7.493507E-002i,   -7.009293E-002 -    9.441457E-002i,    9.646808E-002 -    6.834690E-002i,    5.999242E-002 +    1.015476E-001i;  -1.819153E-001 -    2.960810E-001i,    9.001203E-002 +    7.467220E-001i,    1.690496E-001 +    4.486836E-001i,    5.316838E-002 +    1.065063E-001i,   -1.088758E-001 +    4.757504E-002i,   -7.001417E-002 -    9.451197E-002i,    9.766662E-002 -    6.501446E-002i,    6.316956E-002 +    9.962353E-002i,   -1.042576E-001 +    5.458476E-002i;   2.947605E-001 -    1.863103E-001i,    1.038711E-001 -    5.869031E-002i,    5.316838E-002 +    1.065063E-001i,   -1.902115E-001 -    4.094630E-001i,    6.652683E-002 +    7.654969E-001i,    9.393797E-002 -    7.145750E-002i,    6.648115E-002 +    9.716712E-002i,   -9.915420E-002 +    6.465498E-002i,   -5.610030E-002 -    1.039135E-001i;   1.707060E-001 +    3.033131E-001i,    5.321365E-002 +    1.065302E-001i,   -1.088758E-001 +    4.757504E-002i,    6.652683E-002 +    7.654969E-001i,    1.503729E-001 +    4.266143E-001i,    6.644618E-002 +    9.727895E-002i,   -1.002444E-001 +    6.132117E-002i,   -5.939960E-002 -    1.021322E-001i,    1.064407E-001 -    5.062969E-002i;  -3.296001E-001 +    1.386681E-001i,   -9.100011E-002 +    7.493507E-002i,   -7.001417E-002 -    9.451197E-002i,    9.393797E-002 -    7.145750E-002i,    6.644618E-002 +    9.727895E-002i,    5.128342E-001 -    2.331021E-001i,   -5.605617E-001 -    1.150608E-001i,   -3.203396E-002 +    2.916745E-001i,   -2.873416E-001 -    5.591092E-002i;  -1.216280E-001 -    3.353138E-001i,   -7.009293E-002 -    9.441457E-002i,    9.766662E-002 -    6.501446E-002i,    6.648115E-002 +    9.716712E-002i,   -1.002444E-001 +    6.132117E-002i,   -5.605617E-001 -    1.150608E-001i,   -5.343540E-001 +    1.832183E-001i,   -2.889747E-001 -    4.653288E-002i,    7.010309E-002 -    2.834613E-001i;   3.397639E-001 -    1.147687E-001i,    9.646808E-002 -    6.834690E-002i,    6.316956E-002 +    9.962353E-002i,   -9.915420E-002 +    6.465498E-002i,   -5.939960E-002 -    1.021322E-001i,   -3.203396E-002 +    2.916745E-001i,   -2.889747E-001 -    4.653288E-002i,    5.127449E-001 -    1.850442E-001i,   -5.588118E-001 -    1.852939E-001i;   8.607377E-002 +    3.472632E-001i,    5.999242E-002 +    1.015476E-001i,   -1.042576E-001 +    5.458476E-002i,   -5.610030E-002 -    1.039135E-001i,    1.064407E-001 -    5.062969E-002i,   -2.873416E-001 -    5.591092E-002i,    7.010309E-002 -    2.834613E-001i,   -5.588118E-001 -    1.852939E-001i,   -5.373309E-001 +    1.005798E-001i];


% modif JH 25/09/2008 : compatibilite avec ALOHA
S = reshape(S,1,length(S)*length(S)); 
