% Matlab m-File exported from HFSS11.0 
% Note: In three-dimensional arrays, like S(i,j,k), the first index corresponds to the frequency.
%       So, S(N,j,k) is an S(j,k) matrix for frequency N.

f = zeros(1,1);
S = zeros(1,9,9);

f = [3700000000 ];
S(1,:,:) = [   -5.561070E-002 +    3.139531E-002i,   -1.254409E-001 +    3.217078E-001i,   -3.095154E-001 -    1.514507E-001i,    1.485518E-001 -    3.126535E-001i,    3.041736E-001 +    1.636769E-001i,   -4.475624E-002 +    3.573216E-001i,   -3.515511E-001 -    7.373883E-002i,    7.057984E-002 -    3.541043E-001i,    3.493140E-001 +    8.787923E-002i;  -1.254409E-001 +    3.217078E-001i,    2.989220E-001 -    3.672340E-001i,   -5.196816E-001 -    1.783442E-001i,    1.825086E-001 +    3.420042E-001i,   -3.499718E-001 +    1.647991E-001i,    7.847379E-002 +    8.677564E-002i,   -9.268693E-002 +    7.090849E-002i,   -7.220675E-002 -    9.245058E-002i,    9.569360E-002 -    6.735977E-002i;  -3.095154E-001 -    1.514507E-001i,   -5.196816E-001 -    1.783442E-001i,   -3.565841E-001 +    3.146862E-001i,   -3.552613E-001 +    1.531103E-001i,   -1.348374E-001 -    3.617148E-001i,   -9.280934E-002 +    7.083666E-002i,   -6.282255E-002 -    9.805996E-002i,    9.793268E-002 -    6.413325E-002i,    5.904389E-002 +    1.007554E-001i;   1.485518E-001 -    3.126535E-001i,    1.825086E-001 +    3.420042E-001i,   -3.552613E-001 +    1.531103E-001i,    3.150746E-001 -    3.425136E-001i,   -5.168786E-001 -    2.036336E-001i,   -7.222701E-002 -    9.240654E-002i,    9.777333E-002 -    6.423766E-002i,    6.555277E-002 +    9.763033E-002i,   -1.005246E-001 +    6.047323E-002i;   3.041736E-001 +    1.636769E-001i,   -3.499718E-001 +    1.647991E-001i,   -1.348374E-001 -    3.617148E-001i,   -5.168786E-001 -    2.036336E-001i,   -3.487357E-001 +    3.114231E-001i,    9.570460E-002 -    6.736472E-002i,    5.913411E-002 +    1.006540E-001i,   -1.005772E-001 +    6.045192E-002i,   -5.524487E-002 -    1.032078E-001i;  -4.475624E-002 +    3.573216E-001i,    7.847379E-002 +    8.677564E-002i,   -9.280934E-002 +    7.083666E-002i,   -7.222701E-002 -    9.240654E-002i,    9.570460E-002 -    6.736472E-002i,   -4.345764E-001 -    3.581860E-001i,    1.287364E-001 +    5.594989E-001i,    2.731646E-001 -    9.987377E-002i,    8.596602E-002 +    2.771205E-001i;  -3.515511E-001 -    7.373883E-002i,   -9.268693E-002 +    7.090849E-002i,   -6.282255E-002 -    9.805996E-002i,    9.777333E-002 -    6.423766E-002i,    5.913411E-002 +    1.006540E-001i,    1.287364E-001 +    5.594989E-001i,    3.730212E-001 +    4.240242E-001i,    7.692647E-002 +    2.797283E-001i,   -2.825226E-001 +    6.277694E-002i;   7.057984E-002 -    3.541043E-001i,   -7.220675E-002 -    9.245058E-002i,    9.793268E-002 -    6.413325E-002i,    6.555277E-002 +    9.763033E-002i,   -1.005772E-001 +    6.045192E-002i,    2.731646E-001 -    9.987377E-002i,    7.692647E-002 +    2.797283E-001i,   -3.914330E-001 -    3.785752E-001i,    1.025372E-001 +    5.820246E-001i;   3.493140E-001 +    8.787923E-002i,    9.569360E-002 -    6.735977E-002i,    5.904389E-002 +    1.007554E-001i,   -1.005246E-001 +    6.047323E-002i,   -5.524487E-002 -    1.032078E-001i,    8.596602E-002 +    2.771205E-001i,   -2.825226E-001 +    6.277694E-002i,    1.025372E-001 +    5.820246E-001i,    3.547480E-001 +    4.152107E-001i];


% modif JH 25/09/2008 : compatibilite avec ALOHA
S = reshape(S,1,length(S)*length(S)); 
