% Matlab m-File exported from HFSS14.0.0 
% Note: In three-dimensional arrays, like S(i,j,k), the first index corresponds to the frequency.
%       So, S(N,j,k) is an S(j,k) matrix for frequency N.

f = zeros(1,1);
S = zeros(1,9,9);

f = [3700000000 ];
S(1,:,:) = [   -5.383339E-002 +    3.252803E-002i,   -9.068464E-003 +    3.520539E-001i,   -3.493034E-001 -    3.890282E-002i,    4.679204E-002 -    3.500791E-001i,    3.440031E-001 +    7.623438E-002i,   -1.029705E-001 +    3.338875E-001i,   -3.271540E-001 -    1.199491E-001i,    1.167106E-001 -    3.298991E-001i,    3.225833E-001 +    1.337147E-001i;  -9.068464E-003 +    3.520539E-001i,   -3.963151E-001 -    1.823847E-001i,    2.152175E-001 +    6.149011E-001i,    1.267275E-001 -    2.182103E-001i,    2.061396E-001 +    1.444933E-001i,   -8.687882E-003 -    5.784876E-003i,    6.213947E-003 -    8.350832E-003i,    8.456955E-003 +    6.144515E-003i,   -6.569371E-003 +    8.103010E-003i;  -3.493034E-001 -    3.890282E-002i,    2.152175E-001 +    6.149011E-001i,    3.616650E-001 +    2.462221E-001i,    2.062249E-001 +    1.445381E-001i,   -1.611793E-001 +    1.927140E-001i,    6.489833E-003 -    8.147933E-003i,    7.776356E-003 +    6.887878E-003i,   -6.827845E-003 +    7.887776E-003i,   -7.499757E-003 -    7.220264E-003i;   4.679204E-002 -    3.500791E-001i,    1.267275E-001 -    2.182103E-001i,    2.062249E-001 +    1.445381E-001i,   -3.528867E-001 -    2.207837E-001i,    1.182931E-001 +    6.524257E-001i,    8.042854E-003 +    6.699973E-003i,   -7.091682E-003 +    7.660756E-003i,   -7.774022E-003 -    7.033827E-003i,    7.419520E-003 -    7.375529E-003i;   3.440031E-001 +    7.623438E-002i,    2.061396E-001 +    1.444933E-001i,   -1.611793E-001 +    1.927140E-001i,    1.182931E-001 +    6.524257E-001i,    3.129620E-001 +    2.770185E-001i,   -7.342602E-003 +    7.425677E-003i,   -7.012616E-003 -    7.699515E-003i,    7.651624E-003 -    7.130114E-003i,    6.701268E-003 +    8.001167E-003i;  -1.029705E-001 +    3.338875E-001i,   -8.687882E-003 -    5.784876E-003i,    6.489833E-003 -    8.147933E-003i,    8.042854E-003 +    6.699973E-003i,   -7.342602E-003 +    7.425677E-003i,    3.435626E-001 -    2.848562E-001i,   -6.391131E-001 -    5.185822E-002i,    1.454587E-001 +    2.123306E-001i,   -2.192646E-001 +    1.337419E-001i;  -3.271540E-001 -    1.199491E-001i,    6.213947E-003 -    8.350832E-003i,    7.776356E-003 +    6.887878E-003i,   -7.091682E-003 +    7.660756E-003i,   -7.012616E-003 -    7.699515E-003i,   -6.391131E-001 -    5.185822E-002i,   -3.716339E-001 +    2.504366E-001i,   -2.190416E-001 +    1.337976E-001i,   -1.217674E-001 -    2.253365E-001i;   1.167106E-001 -    3.298991E-001i,    8.456955E-003 +    6.144515E-003i,   -6.827845E-003 +    7.887776E-003i,   -7.774022E-003 -    7.033827E-003i,    7.651624E-003 -    7.130114E-003i,    1.454587E-001 +    2.123306E-001i,   -2.190416E-001 +    1.337976E-001i,    3.300736E-001 -    2.728125E-001i,   -6.488014E-001 -    7.069507E-002i;   3.225833E-001 +    1.337147E-001i,   -6.569371E-003 +    8.103010E-003i,   -7.499757E-003 -    7.220264E-003i,    7.419520E-003 -    7.375529E-003i,    6.701268E-003 +    8.001167E-003i,   -2.192646E-001 +    1.337419E-001i,   -1.217674E-001 -    2.253365E-001i,   -6.488014E-001 -    7.069507E-002i,   -3.572344E-001 +    2.386535E-001i];

% ALOHA compatibility
S = reshape(S,1,length(S)*length(S)); 