% Matlab m-File exported from HFSS14.0.0 
% Note: In three-dimensional arrays, like S(i,j,k), the first index corresponds to the frequency.
%       So, S(N,j,k) is an S(j,k) matrix for frequency N.

f = zeros(1,1);
S = zeros(1,9,9);

f = [3700000000 ];
S(1,:,:) = [   -5.739931E-002 +    2.276332E-003i,   -2.977188E-001 +    1.889696E-001i,   -1.629294E-001 -    3.116053E-001i,    3.109359E-001 -    1.666460E-001i,    1.498839E-001 +    3.185495E-001i,   -2.418970E-001 +    2.528811E-001i,   -2.310829E-001 -    2.617577E-001i,    2.674982E-001 -    2.264652E-001i,    2.024492E-001 +    2.853993E-001i;  -2.977188E-001 +    1.889696E-001i,    3.224902E-001 -    2.945211E-001i,   -6.491432E-001 -    4.069166E-002i,    1.587909E-001 +    1.968103E-001i,   -2.044055E-001 +    1.479986E-001i,    4.618710E-003 -    9.139990E-003i,    8.698852E-003 +    5.360391E-003i,   -5.560433E-003 +    8.618458E-003i,   -8.098540E-003 -    6.266140E-003i;  -1.629294E-001 -    3.116053E-001i,   -6.491432E-001 -    4.069166E-002i,   -3.673837E-001 +    2.397844E-001i,   -2.088166E-001 +    1.413625E-001i,   -1.300047E-001 -    2.154632E-001i,    8.696743E-003 +    5.352235E-003i,   -6.052410E-003 +    8.196502E-003i,   -8.099923E-003 -    6.244478E-003i,    6.902334E-003 -    7.524401E-003i;   3.109359E-001 -    1.666460E-001i,    1.587909E-001 +    1.968103E-001i,   -2.088166E-001 +    1.413625E-001i,    3.245594E-001 -    2.619426E-001i,   -6.580986E-001 -    7.917797E-002i,   -5.280288E-003 +    8.779515E-003i,   -8.284844E-003 -    5.987839E-003i,    6.181513E-003 -    8.189923E-003i,    7.619296E-003 +    6.847379E-003i;   1.498839E-001 +    3.185495E-001i,   -2.044055E-001 +    1.479986E-001i,   -1.300047E-001 -    2.154632E-001i,   -6.580986E-001 -    7.917797E-002i,   -3.503050E-001 +    2.289095E-001i,   -8.474496E-003 -    5.719400E-003i,    6.398768E-003 -    7.944673E-003i,    7.839992E-003 +    6.586837E-003i,   -7.220708E-003 +    7.236644E-003i;  -2.418970E-001 +    2.528811E-001i,    4.618710E-003 -    9.139990E-003i,    8.696743E-003 +    5.352235E-003i,   -5.280288E-003 +    8.779515E-003i,   -8.474496E-003 -    5.719400E-003i,   -3.945682E-001 -    1.933437E-001i,    2.231428E-001 +    6.172443E-001i,    1.247956E-001 -    2.083814E-001i,    1.966335E-001 +    1.419096E-001i;  -2.310829E-001 -    2.617577E-001i,    8.698852E-003 +    5.360391E-003i,   -6.052410E-003 +    8.196502E-003i,   -8.284844E-003 -    5.987839E-003i,    6.398768E-003 -    7.944673E-003i,    2.231428E-001 +    6.172443E-001i,    3.588006E-001 +    2.560404E-001i,    1.966851E-001 +    1.415923E-001i,   -1.576197E-001 +    1.835664E-001i;   2.674982E-001 -    2.264652E-001i,   -5.560433E-003 +    8.618458E-003i,   -8.099923E-003 -    6.244478E-003i,    6.181513E-003 -    8.189923E-003i,    7.839992E-003 +    6.586837E-003i,    1.247956E-001 -    2.083814E-001i,    1.966851E-001 +    1.415923E-001i,   -3.502417E-001 -    2.307485E-001i,    1.270196E-001 +    6.563190E-001i;   2.024492E-001 +    2.853993E-001i,   -8.098540E-003 -    6.266140E-003i,    6.902334E-003 -    7.524401E-003i,    7.619296E-003 +    6.847379E-003i,   -7.220708E-003 +    7.236644E-003i,    1.966335E-001 +    1.419096E-001i,   -1.576197E-001 +    1.835664E-001i,    1.270196E-001 +    6.563190E-001i,    3.075003E-001 +    2.866554E-001i];

% ALOHA compatibility
S = reshape(S,1,length(S)*length(S)); 