% Matlab m-File exported from HFSS14.0.0 
% Note: In three-dimensional arrays, like S(i,j,k), the first index corresponds to the frequency.
%       So, S(N,j,k) is an S(j,k) matrix for frequency N.

f = zeros(1,1);
S = zeros(1,9,9);

f = [3700000000 ];
S(1,:,:) = [   -5.752404E-002 +    1.817960E-003i,   -2.732390E-001 +    2.187628E-001i,   -1.941721E-001 -    2.904214E-001i,    2.892062E-001 -    1.983876E-001i,    1.821223E-001 +    2.988004E-001i,   -3.087845E-001 +    1.693075E-001i,   -1.416851E-001 -    3.215689E-001i,    3.211372E-001 -    1.460059E-001i,    1.284164E-001 +    3.280165E-001i;  -2.732390E-001 +    2.187628E-001i,   -3.325233E-001 -    2.891307E-001i,    5.621571E-002 +    6.531321E-001i,    1.682331E-001 -    1.753569E-001i,    1.656749E-001 +    1.770348E-001i,    6.280687E-003 -    8.237165E-003i,    7.647143E-003 +    6.954069E-003i,   -6.890892E-003 +    7.758151E-003i,   -7.367379E-003 -    7.285775E-003i;  -1.941721E-001 -    2.904214E-001i,    5.621571E-002 +    6.531321E-001i,    2.802799E-001 +    3.414720E-001i,    1.599891E-001 +    1.822901E-001i,   -1.902146E-001 +    1.496085E-001i,    7.653991E-003 +    6.950060E-003i,   -7.569219E-003 +    7.009676E-003i,   -7.125467E-003 -    7.515889E-003i,    7.875145E-003 -    6.703107E-003i;   2.892062E-001 -    1.983876E-001i,    1.682331E-001 -    1.753569E-001i,    1.599891E-001 +    1.822901E-001i,   -2.991360E-001 -    2.927995E-001i,    2.035147E-002 +    6.685113E-001i,   -6.884999E-003 +    7.766344E-003i,   -7.126979E-003 -    7.514228E-003i,    7.459309E-003 -    7.242574E-003i,    6.822901E-003 +    7.824989E-003i;   1.821223E-001 +    2.988004E-001i,    1.656749E-001 +    1.770348E-001i,   -1.902146E-001 +    1.496085E-001i,    2.035147E-002 +    6.685113E-001i,    2.683919E-001 +    3.231500E-001i,   -7.367937E-003 -    7.276893E-003i,    7.869463E-003 -    6.697120E-003i,    6.815240E-003 +    7.820956E-003i,   -8.162747E-003 +    6.377466E-003i;  -3.087845E-001 +    1.693075E-001i,    6.280687E-003 -    8.237165E-003i,    7.653991E-003 +    6.950060E-003i,   -6.884999E-003 +    7.766344E-003i,   -7.367937E-003 -    7.276893E-003i,    3.544213E-001 -    2.516884E-001i,   -6.405778E-001 -    1.231380E-001i,    1.314063E-001 +    2.157575E-001i,   -2.221603E-001 +    1.194926E-001i;  -1.416851E-001 -    3.215689E-001i,    7.647143E-003 +    6.954069E-003i,   -7.569219E-003 +    7.009676E-003i,   -7.126979E-003 -    7.514228E-003i,    7.869463E-003 -    6.697120E-003i,   -6.405778E-001 -    1.231380E-001i,   -3.929185E-001 +    1.891569E-001i,   -2.258205E-001 +    1.120286E-001i,   -9.963282E-002 -    2.311583E-001i;   3.211372E-001 -    1.460059E-001i,   -6.890892E-003 +    7.758151E-003i,   -7.125467E-003 -    7.515889E-003i,    7.459309E-003 -    7.242574E-003i,    6.815240E-003 +    7.820956E-003i,    1.314063E-001 +    2.157575E-001i,   -2.258205E-001 +    1.120286E-001i,    3.551288E-001 -    2.175873E-001i,   -6.421009E-001 -    1.660822E-001i;   1.284164E-001 +    3.280165E-001i,   -7.367379E-003 -    7.285775E-003i,    7.875145E-003 -    6.703107E-003i,    6.822901E-003 +    7.824989E-003i,   -8.162747E-003 +    6.377466E-003i,   -2.221603E-001 +    1.194926E-001i,   -9.963282E-002 -    2.311583E-001i,   -6.421009E-001 -    1.660822E-001i,   -3.766162E-001 +    1.797562E-001i];

% ALOHA compatibility
S = reshape(S,1,length(S)*length(S)); 