



S=[  0.0560 - 0.0050i   0.3157 - 0.1621i  -0.1627 - 0.3138i  -0.3148 + 0.1577i   0.1553 + 0.3153i   0.3146 - 0.1598i  -0.1603 - 0.3127i  -0.3160 + 0.1600i   0.1576 + 0.3165i ;...
   0.3157 - 0.1621i   0.1167 + 0.4189i  -0.4547 + 0.3617i  -0.3442 - 0.1470i  -0.1482 + 0.3416i  -0.1163 - 0.0522i  -0.0516 + 0.1160i   0.1241 + 0.0525i   0.0532 - 0.1234i ;...
  -0.1627 - 0.3138i  -0.4547 + 0.3617i  -0.1250 - 0.4233i  -0.1442 + 0.3424i   0.3398 + 0.1454i  -0.0515 + 0.1161i   0.1158 + 0.0509i   0.0517 - 0.1237i  -0.1232 - 0.0525i ;...
  -0.3148 + 0.1577i  -0.3442 - 0.1470i  -0.1442 + 0.3424i   0.0937 + 0.4140i  -0.4724 + 0.3658i   0.1099 + 0.0475i   0.0469 - 0.1096i  -0.1153 - 0.0533i  -0.0540 + 0.1147i ;...
   0.1553 + 0.3153i  -0.1482 + 0.3416i   0.3395 + 0.1453i  -0.4724 + 0.3658i  -0.0914 - 0.4186i   0.0481 - 0.1094i  -0.1091 - 0.0475i  -0.0540 + 0.1147i   0.1142 + 0.0547i ;...
   0.3146 - 0.1598i  -0.1163 - 0.0522i  -0.0515 + 0.1161i   0.1099 + 0.0475i   0.0481 - 0.1094i   0.1005 + 0.4108i  -0.4628 + 0.3780i  -0.3442 - 0.1470i  -0.1482 + 0.3417i ;...
  -0.1603 - 0.3127i  -0.0516 + 0.1160i   0.1158 + 0.0509i   0.0469 - 0.1096i  -0.1091 - 0.0475i  -0.4628 + 0.3780i  -0.1087 - 0.4155i  -0.1443 + 0.3423i   0.3398 + 0.1454i ;...
  -0.3160 + 0.1600i   0.1241 + 0.0525i   0.0517 - 0.1237i  -0.1153 - 0.0533i  -0.0540 + 0.1147i  -0.3442 - 0.1470i  -0.1443 + 0.3423i   0.1098 + 0.4224i  -0.4640 + 0.3498i ;...
   0.1576 + 0.3165i   0.0532 - 0.1234i  -0.1232 - 0.0525i  -0.0540 + 0.1147i   0.1142 + 0.0547i  -0.1482 + 0.3417i   0.3398 + 0.1454i  -0.4640 + 0.3498i  -0.1074 - 0.4271i];

S = reshape(S,1,length(S),length(S));