% Matlab m-File exported from HFSS12.1.1 
% Note: In three-dimensional arrays, like S(i,j,k), the first index corresponds to the frequency.
%       So, S(N,j,k) is an S(j,k) matrix for frequency N.

% f = zeros(1,1);
% S = zeros(1,9,9);
% 
% f = [2450000000 ];
S(1,:,:) = [    5.845838E-002 -    8.758832E-003i,    3.154597E-001 -    1.629247E-001i,   -1.639570E-001 -    3.132851E-001i,   -3.133685E-001 +    1.598227E-001i,    1.590199E-001 +    3.134907E-001i,    3.138303E-001 -    1.614581E-001i,   -1.628307E-001 -    3.116677E-001i,   -3.142151E-001 +    1.621712E-001i,    1.612325E-001 +    3.144439E-001i;   3.154597E-001 -    1.629247E-001i,    1.122105E-001 +    4.273782E-001i,   -4.483922E-001 +    3.620893E-001i,   -3.445698E-001 -    1.395197E-001i,   -1.409767E-001 +    3.450054E-001i,   -1.166723E-001 -    5.307815E-002i,   -5.218128E-002 +    1.165764E-001i,    1.247795E-001 +    5.279101E-002i,    5.311233E-002 -    1.245615E-001i;  -1.639570E-001 -    3.132851E-001i,   -4.483922E-001 +    3.620893E-001i,   -1.217728E-001 -    4.313281E-001i,   -1.362690E-001 +    3.429512E-001i,    3.433901E-001 +    1.377153E-001i,   -5.221371E-002 +    1.164958E-001i,    1.163953E-001 +    5.132093E-002i,    5.187802E-002 -    1.245491E-001i,   -1.243338E-001 -    5.219914E-002i;  -3.133685E-001 +    1.598227E-001i,   -3.445698E-001 -    1.395197E-001i,   -1.362690E-001 +    3.429512E-001i,    9.011652E-002 +    4.249842E-001i,   -4.638098E-001 +    3.704565E-001i,    1.097416E-001 +    4.732818E-002i,    4.648796E-002 -    1.096138E-001i,   -1.155460E-001 -    5.314891E-002i,   -5.343879E-002 +    1.153133E-001i;   1.590199E-001 +    3.134907E-001i,   -1.409767E-001 +    3.450054E-001i,    3.433901E-001 +    1.377153E-001i,   -4.638098E-001 +    3.704565E-001i,   -8.685283E-002 -    4.243234E-001i,    4.751417E-002 -    1.095790E-001i,   -1.094530E-001 -    4.667415E-002i,   -5.333574E-002 +    1.153458E-001i,    1.151128E-001 +    5.362485E-002i;   3.138303E-001 -    1.614581E-001i,   -1.166723E-001 -    5.307815E-002i,   -5.221371E-002 +    1.164958E-001i,    1.097416E-001 +    4.732818E-002i,    4.751417E-002 -    1.095790E-001i,    9.494260E-002 +    4.186636E-001i,   -4.576677E-001 +    3.782039E-001i,   -3.445023E-001 -    1.401243E-001i,   -1.418111E-001 +    3.448882E-001i;  -1.628307E-001 -    3.116677E-001i,   -5.218128E-002 +    1.165764E-001i,    1.163953E-001 +    5.132093E-002i,    4.648796E-002 -    1.096138E-001i,   -1.094530E-001 -    4.667415E-002i,   -4.576677E-001 +    3.782039E-001i,   -1.049952E-001 -    4.224781E-001i,   -1.366460E-001 +    3.431007E-001i,    3.434930E-001 +    1.383212E-001i;  -3.142151E-001 +    1.621712E-001i,    1.247795E-001 +    5.279101E-002i,    5.187802E-002 -    1.245491E-001i,   -1.155460E-001 -    5.314891E-002i,   -5.333574E-002 +    1.153458E-001i,   -3.445023E-001 -    1.401243E-001i,   -1.366460E-001 +    3.431007E-001i,    1.080629E-001 +    4.315836E-001i,   -4.570798E-001 +    3.528639E-001i;   1.612325E-001 +    3.144439E-001i,    5.311233E-002 -    1.245615E-001i,   -1.243338E-001 -    5.219914E-002i,   -5.343879E-002 +    1.153133E-001i,    1.151128E-001 +    5.362485E-002i,   -1.418111E-001 +    3.448882E-001i,    3.434930E-001 +    1.383212E-001i,   -4.570798E-001 +    3.528639E-001i,   -1.042461E-001 -    4.311020E-001i];



       