% matrice S theorique du module "0"
% provenant du document TS9789 du 11/4/89 de Ph.Bibet et J.Achard

% module 
S_mod11 = [0.03 0.35 0.35 0.35 0.35; ...
           0.35 0.50 0.62 0.25 0.25; ...
					 0.35 0.62 0.50 0.25 0.25; ...
					 0.35 0.25 0.25 0.50 0.62; ...
					 0.35 0.25 0.25 0.62 0.50];
					 
S_mod12 = [0.35*ones(1,4);zeros(4,4)];

S_mod = [S_mod11,  S_mod12; ...
         S_mod12', S_mod11(2:5,2:5)];
 														
% phase en degres
S_phase11 = [+116 -137 -049 +047 +133; ...
             -137 +139 -004 -144 -054; ...
					 	 -049 -004 -044 -054 +038; ...
						 +047 -144 -054 +138 -004; ...
						 +133 -054 +038 -004 -044];
						
S_phase22 = [+139 -004 -144 -054; ...
             -004 -044 -054 +038; ...
				  	 -144 -054 +139 -004; ...
				 		 -054 +038 -004 -044];
						 
S_phase12 = [-137 -049 +047 +133; zeros(4,4)];						 
						
S_phase = [S_phase11, S_phase12; ...
					 S_phase12', S_phase22];

% matrice S complexe
S = S_mod .* exp(i*pi./180.*S_phase);					 

S = reshape(S,1,length(S)*length(S)); 
