% Matlab m-File exported from HFSS12.1.1 
% Note: In three-dimensional arrays, like S(i,j,k), the first index corresponds to the frequency.
%       So, S(N,j,k) is an S(j,k) matrix for frequency N.

f = zeros(1,1);
S = zeros(1,7,7);

f = [3700000000 ];
S(1,:,:) = [   -1.501705E-003 +    3.758657E-003i,   -3.960906E-001 +    3.432493E-002i,   -3.024625E-002 -    3.954506E-001i,    3.825466E-001 -    3.156970E-002i,    2.924227E-002 +    4.120663E-001i,   -4.265819E-001 +    2.475317E-002i,   -3.443374E-002 -    4.276200E-001i;  -3.960906E-001 +    3.432493E-002i,   -4.181443E-001 -    6.160932E-001i,   -2.366625E-001 +    1.022896E-001i,   -3.321456E-001 +    1.587884E-001i,    1.647595E-001 +    3.852623E-003i,   -6.180420E-003 +    1.703563E-001i,   -1.711319E-001 -    2.374515E-003i;  -3.024625E-002 -    3.954506E-001i,   -2.366625E-001 +    1.022896E-001i,    4.060945E-001 +    6.255793E-001i,   -1.550446E-001 -    3.329196E-001i,   -5.504075E-003 +    1.643105E-001i,   -1.698699E-001 -    7.882502E-003i,    4.093890E-003 -    1.706820E-001i;   3.825466E-001 -    3.156970E-002i,   -3.321456E-001 +    1.587884E-001i,   -1.550446E-001 -    3.329196E-001i,   -6.769958E-001 -    2.102882E-001i,   -1.590539E-001 -    4.372516E-003i,    6.642097E-003 -    1.644481E-001i,    1.652120E-001 +    2.970712E-003i;   2.924227E-002 +    4.120663E-001i,    1.647595E-001 +    3.852623E-003i,   -5.504075E-003 +    1.643105E-001i,   -1.590539E-001 -    4.372516E-003i,   -6.875821E-001 +    1.061042E-001i,   -1.747218E-001 +    3.191389E-001i,   -3.242589E-001 -    1.682017E-001i;  -4.265819E-001 +    2.475317E-002i,   -6.180420E-003 +    1.703563E-001i,   -1.698699E-001 -    7.882502E-003i,    6.642097E-003 -    1.644481E-001i,   -1.747218E-001 +    3.191389E-001i,    4.100005E-001 +    2.971989E-001i,    5.800160E-001 -    8.442194E-002i;  -3.443374E-002 -    4.276200E-001i,   -1.711319E-001 -    2.374515E-003i,    4.093890E-003 -    1.706820E-001i,    1.652120E-001 +    2.970712E-003i,   -3.242589E-001 -    1.682017E-001i,    5.800160E-001 -    8.442194E-002i,   -4.221176E-001 -    2.739457E-001i];
