% Matlab m-File exported from HFSS13.0.2 
% Note: In three-dimensional arrays, like S(i,j,k), the first index corresponds to the frequency.
%       So, S(N,j,k) is an S(j,k) matrix for frequency N.

f = zeros(1,1);
S = zeros(1,19,19);
Zo = zeros(1,19);

f = [3700000000 ];
S(1,:,:) = [    6.891006E-002 +    6.057211E-002i,    2.299556E-001 -    1.990051E-002i,   -1.057826E-002 -    2.259429E-001i,   -2.304756E-001 +    7.623308E-003i,    1.066021E-004 +    2.262697E-001i,    2.291788E-001 -    2.857736E-002i,   -2.181822E-002 -    2.260032E-001i,   -2.410338E-001 +    2.574978E-002i,    2.338393E-002 +    2.383375E-001i,    2.424483E-001 -    1.223528E-002i,   -1.129949E-002 -    2.395681E-001i,   -2.397548E-001 +    3.479630E-002i,    3.480235E-002 +    2.372501E-001i,    2.235388E-001 -    4.563317E-002i,   -5.982357E-002 -    2.209186E-001i,   -2.251484E-001 +    3.254738E-002i,    4.786426E-002 +    2.231748E-001i,    2.215039E-001 -    5.405032E-002i,   -7.028661E-002 -    2.177279E-001i;   2.299556E-001 -    1.990051E-002i,    2.674728E-001 +    6.011151E-001i,   -3.567009E-002 +    4.970517E-001i,    2.572269E-001 +    3.237583E-002i,    3.997568E-002 -    2.512256E-001i,    6.425379E-002 -    1.731938E-001i,   -1.684468E-001 -    6.787953E-002i,   -2.193760E-002 +    4.641982E-002i,    4.567130E-002 +    2.206786E-002i,    2.453707E-002 -    4.518449E-002i,   -4.456051E-002 -    2.438849E-002i,   -2.016089E-002 +    4.718667E-002i,    4.673449E-002 +    1.988345E-002i,    6.810882E-002 +    1.666661E-002i,    1.237934E-002 -    6.924372E-002i,   -6.683812E-002 -    2.051426E-002i,   -1.599883E-002 +    6.830056E-002i,    6.864839E-002 +    1.406046E-002i,    9.052925E-003 -    6.973070E-002i;  -1.057826E-002 -    2.259429E-001i,   -3.567009E-002 +    4.970517E-001i,   -2.394162E-001 -    6.236814E-001i,    4.166705E-002 -    2.506217E-001i,   -2.444508E-001 -    4.887631E-002i,   -1.671018E-001 -    6.962650E-002i,   -7.299292E-002 +    1.623131E-001i,    4.460432E-002 +    2.327949E-002i,    2.337805E-002 -    4.386632E-002i,   -4.329399E-002 -    2.577704E-002i,   -2.560738E-002 +    4.268874E-002i,    4.542405E-002 +    2.156945E-002i,    2.128027E-002 -    4.499202E-002i,    1.895837E-002 -    6.604632E-002i,   -6.732369E-002 -    1.480425E-002i,   -2.267675E-002 +    6.465300E-002i,    6.625995E-002 +    1.831191E-002i,    1.642733E-002 -    6.667563E-002i,   -6.792941E-002 -    1.156590E-002i;  -2.304756E-001 +    7.623308E-003i,    2.572269E-001 +    3.237583E-002i,    4.166705E-002 -    2.506217E-001i,    5.908466E-001 +    4.589249E-001i,   -1.376494E-001 +    1.957917E-001i,    2.581743E-001 +    2.277354E-002i,    2.943882E-002 -    2.530942E-001i,    2.435515E-002 -    4.514433E-002i,   -4.439064E-002 -    2.444529E-002i,   -2.688283E-002 +    4.377364E-002i,    4.315902E-002 +    2.670142E-002i,    2.262339E-002 -    4.600389E-002i,   -4.556752E-002 -    2.232255E-002i,   -6.706289E-002 -    2.025007E-002i,   -1.603321E-002 +    6.842315E-002i,    6.559052E-002 +    2.402112E-002i,    1.959406E-002 -    6.728970E-002i,   -6.773981E-002 -    1.767872E-002i,   -1.274048E-002 +    6.908592E-002i;   1.066021E-004 +    2.262697E-001i,    3.997568E-002 -    2.512256E-001i,   -2.444508E-001 -    4.887631E-002i,   -1.376494E-001 +    1.957917E-001i,   -5.672024E-001 -    5.029589E-001i,    3.058907E-002 -    2.524618E-001i,   -2.472666E-001 -    3.696323E-002i,   -4.349399E-002 -    2.532844E-002i,   -2.539275E-002 +    4.275197E-002i,    4.206895E-002 +    2.776350E-002i,    2.756593E-002 -    4.147199E-002i,   -4.439233E-002 -    2.365760E-002i,   -2.334862E-002 +    4.397401E-002i,   -2.200347E-002 +    6.512064E-002i,    6.658949E-002 +    1.791151E-002i,    2.565464E-002 -    6.355612E-002i,   -6.536406E-002 -    2.136738E-002i,   -1.950341E-002 +    6.586672E-002i,    6.734474E-002 +    1.470355E-002i;   2.291788E-001 -    2.857736E-002i,    6.425379E-002 -    1.731938E-001i,   -1.671018E-001 -    6.962650E-002i,    2.581743E-001 +    2.277354E-002i,    3.058907E-002 -    2.524618E-001i,    3.141797E-001 +    5.777673E-001i,    7.877064E-003 +    4.988067E-001i,   -2.018315E-002 +    4.724260E-002i,    4.649908E-002 +    2.034164E-002i,    2.282895E-002 -    4.610552E-002i,   -4.547600E-002 -    2.270394E-002i,   -1.837769E-002 +    4.794231E-002i,    4.747971E-002 +    1.811735E-002i,    6.873023E-002 +    1.409415E-002i,    9.764531E-003 -    6.970319E-002i,   -6.760489E-002 -    1.798933E-002i,   -1.341921E-002 +    6.889675E-002i,    6.917138E-002 +    1.146792E-002i,    6.420106E-003 -    7.006456E-002i;  -2.181822E-002 -    2.260032E-001i,   -1.684468E-001 -    6.787953E-002i,   -7.299292E-002 +    1.623131E-001i,    2.943882E-002 -    2.530942E-001i,   -2.472666E-001 -    3.696323E-002i,    7.877064E-003 +    4.988067E-001i,   -2.988398E-001 -    5.955854E-001i,    4.587512E-002 +    2.112628E-002i,    2.126172E-002 -    4.514011E-002i,   -4.468534E-002 -    2.369532E-002i,   -2.355526E-002 +    4.407011E-002i,    4.661212E-002 +    1.937113E-002i,    1.910264E-002 -    4.616462E-002i,    1.572989E-002 -    6.715823E-002i,   -6.823276E-002 -    1.150162E-002i,   -1.952705E-002 +    6.594583E-002i,    6.734033E-002 +    1.507116E-002i,    1.316107E-002 -    6.766356E-002i,   -6.867934E-002 -    8.224822E-003i;  -2.410338E-001 +    2.574978E-002i,   -2.193760E-002 +    4.641982E-002i,    4.460432E-002 +    2.327949E-002i,    2.435515E-002 -    4.514433E-002i,   -4.349399E-002 -    2.532844E-002i,   -2.018315E-002 +    4.724260E-002i,    4.587512E-002 +    2.112628E-002i,    3.875299E-001 +    6.118961E-001i,    9.551430E-002 +    4.581581E-001i,    2.153486E-001 -    5.477215E-002i,   -5.341218E-002 -    2.129331E-001i,    9.426551E-002 -    1.269907E-001i,   -1.258342E-001 -    9.310967E-002i,   -1.608393E-002 +    4.828785E-002i,    4.936234E-002 +    1.304941E-002i,    1.879238E-002 -    4.714110E-002i,   -4.846605E-002 -    1.561216E-002i,   -1.423041E-002 +    4.883228E-002i,    4.991131E-002 +    1.067171E-002i;   2.338393E-002 +    2.383375E-001i,    4.567130E-002 +    2.206786E-002i,    2.337805E-002 -    4.386632E-002i,   -4.439064E-002 -    2.444529E-002i,   -2.539275E-002 +    4.275197E-002i,    4.649908E-002 +    2.034164E-002i,    2.126172E-002 -    4.514011E-002i,    9.551430E-002 +    4.581581E-001i,   -3.885346E-001 -    6.167723E-001i,   -5.227414E-002 -    2.132104E-001i,   -2.108125E-001 +    5.095120E-002i,   -1.246511E-001 -    9.420754E-002i,   -9.305581E-002 +    1.235184E-001i,    4.756662E-002 +    1.630092E-002i,    1.331227E-002 -    4.865398E-002i,   -4.641067E-002 -    1.896683E-002i,   -1.583638E-002 +    4.774669E-002i,    4.812027E-002 +    1.447447E-002i,    1.096802E-002 -    4.921658E-002i;   2.424483E-001 -    1.223528E-002i,    2.453707E-002 -    4.518449E-002i,   -4.329399E-002 -    2.577704E-002i,   -2.688283E-002 +    4.377364E-002i,    4.206895E-002 +    2.776350E-002i,    2.282895E-002 -    4.610552E-002i,   -4.468534E-002 -    2.369532E-002i,    2.153486E-001 -    5.477215E-002i,   -5.227414E-002 -    2.132104E-001i,    6.821775E-001 +    4.428727E-001i,   -5.054701E-002 +    1.763582E-001i,    2.132456E-001 -    6.295221E-002i,   -6.263027E-002 -    2.109695E-001i,    1.878882E-002 -    4.738042E-002i,   -4.862489E-002 -    1.581490E-002i,   -2.143266E-002 +    4.608199E-002i,    4.758505E-002 +    1.832710E-002i,    1.696605E-002 -    4.802869E-002i,   -4.930708E-002 -    1.346826E-002i;  -1.129949E-002 -    2.395681E-001i,   -4.456051E-002 -    2.438849E-002i,   -2.560738E-002 +    4.268874E-002i,    4.315902E-002 +    2.670142E-002i,    2.756593E-002 -    4.147199E-002i,   -4.547600E-002 -    2.270394E-002i,   -2.355526E-002 +    4.407011E-002i,   -5.341218E-002 -    2.129331E-001i,   -2.108125E-001 +    5.095120E-002i,   -5.054701E-002 +    1.763582E-001i,   -6.840129E-001 -    4.490802E-001i,   -6.150056E-002 -    2.108820E-001i,   -2.086323E-001 +    6.118990E-002i,   