% Matlab m-File exported from HFSS13.0.2 
% Note: In three-dimensional arrays, like S(i,j,k), the first index corresponds to the frequency.
%       So, S(N,j,k) is an S(j,k) matrix for frequency N.

f = zeros(1,1);
S = zeros(1,19,19);
Zo = zeros(1,19);

f = [3700000000 ];
S(1,:,:) = [    7.035806E-002 +    6.214912E-002i,    1.565611E-001 -    1.613549E-001i,   -1.720840E-001 -    1.563356E-001i,   -1.453376E-001 +    1.701141E-001i,    1.838235E-001 +    1.422465E-001i,    1.080768E-001 -    1.959188E-001i,   -2.109907E-001 -    9.885589E-002i,   -1.648951E-001 +    1.737050E-001i,    1.848124E-001 +    1.559418E-001i,    1.543249E-001 -    1.837969E-001i,   -1.957504E-001 -    1.429678E-001i,   -1.132299E-001 +    2.119697E-001i,    2.223602E-001 +    9.756690E-002i,    1.399276E-001 -    1.794206E-001i,   -1.967212E-001 -    1.176318E-001i,   -1.276966E-001 +    1.877712E-001i,    2.042253E-001 +    1.032661E-001i,    8.671232E-002 -    2.102014E-001i,   -2.220890E-001 -    5.740323E-002i;   1.565611E-001 -    1.613549E-001i,    6.417461E-001 -    1.973001E-001i,    4.929698E-001 +    7.501287E-002i,    4.011369E-002 -    2.411291E-001i,   -2.522163E-001 -    2.949252E-002i,   -1.652768E-001 -    4.962562E-002i,   -4.022340E-002 +    1.751403E-001i,    4.112616E-002 +    2.753129E-002i,    2.532062E-002 -    4.307644E-002i,   -4.281326E-002 -    2.502670E-002i,   -2.229694E-002 +    4.485208E-002i,    4.711916E-002 +    1.567480E-002i,    1.212252E-002 -    4.868957E-002i,    2.605815E-002 -    6.292821E-002i,   -6.614107E-002 -    1.824532E-002i,   -2.186315E-002 +    6.436179E-002i,    6.716011E-002 +    1.350197E-002i,    8.249198E-003 -    6.756375E-002i,   -6.865540E-002 +    1.155251E-003i;  -1.720840E-001 -    1.563356E-001i,    4.929698E-001 +    7.501287E-002i,   -6.238472E-001 +    2.055079E-001i,   -2.505811E-001 -    3.327276E-002i,   -2.191883E-002 +    2.616796E-001i,   -4.567915E-002 +    1.725068E-001i,    1.823821E-001 +    3.562659E-002i,    2.705867E-002 -    4.344070E-002i,   -4.538136E-002 -    2.470762E-002i,   -2.441277E-002 +    4.509937E-002i,    4.711392E-002 +    2.152220E-002i,    1.460093E-002 -    4.923222E-002i,   -5.073472E-002 -    1.087614E-002i,   -6.592421E-002 -    2.479589E-002i,   -1.661185E-002 +    6.897960E-002i,    6.726345E-002 +    2.041147E-002i,    1.167476E-002 -    6.987179E-002i,   -7.011063E-002 -    6.232055E-003i,    3.524982E-003 +    7.091961E-002i;  -1.453376E-001 +    1.701141E-001i,    4.011369E-002 -    2.411291E-001i,   -2.505811E-001 -    3.327276E-002i,    4.282410E-001 -    6.329355E-001i,    2.124814E-001 +    1.051090E-001i,   -2.456499E-002 -    2.419453E-001i,   -2.497137E-001 +    4.212726E-002i,   -4.257971E-002 -    2.475479E-002i,   -2.243638E-002 +    4.437754E-002i,    4.409765E-002 +    2.216102E-002i,    1.932147E-002 -    4.595074E-002i,   -4.778548E-002 -    1.260166E-002i,   -8.974673E-003 +    4.912157E-002i,   -2.191907E-002 +    6.414072E-002i,    6.683984E-002 +    1.395711E-002i,    1.766235E-002 -    6.530043E-002i,   -6.755332E-002 -    9.181870E-003i,   -3.939416E-003 +    6.762351E-002i,    6.811565E-002 -    5.469788E-003i;   1.838235E-001 +    1.422465E-001i,   -2.522163E-001 -    2.949252E-002i,   -2.191883E-002 +    2.616796E-001i,    2.124814E-001 +    1.051090E-001i,   -3.580495E-001 +    6.546774E-001i,   -2.498095E-001 +    3.765988E-002i,    5.627349E-002 +    2.569867E-001i,   -2.354391E-002 +    4.542648E-002i,    4.717531E-002 +    2.104785E-002i,    2.077622E-002 -    4.687104E-002i,   -4.865098E-002 -    1.773665E-002i,   -1.067180E-002 +    5.021669E-002i,    5.142058E-002 +    6.841184E-003i,    6.765579E-002 +    1.951690E-002i,    1.111970E-002 -    7.005590E-002i,   -6.864499E-002 -    1.504175E-002i,   -6.128972E-003 +    7.055600E-002i,    7.036511E-002 +    6.858103E-004i,   -9.102047E-003 -    7.040244E-002i;   1.080768E-001 -    1.959188E-001i,   -1.652768E-001 -    4.962562E-002i,   -4.567915E-002 +    1.725068E-001i,   -2.456499E-002 -    2.419453E-001i,   -2.498095E-001 +    3.765988E-002i,    4.539025E-001 -    4.984054E-001i,    4.559151E-001 -    1.995756E-001i,    4.669621E-002 +    1.566652E-002i,    1.303329E-002 -    4.798998E-002i,   -4.766033E-002 -    1.281998E-002i,   -9.665154E-003 +    4.890320E-002i,    4.934610E-002 +    2.713255E-003i,   -1.108687E-003 -    4.992387E-002i,    8.543673E-003 -    6.724398E-002i,   -6.828322E-002 -    2.008811E-004i,   -4.140450E-003 +    6.752208E-002i,    6.801973E-002 -    4.620310E-003i,   -9.769503E-003 -    6.703197E-002i,   -6.561778E-002 +    1.908511E-002i;  -2.109907E-001 -    9.885589E-002i,   -4.022340E-002 +    1.751403E-001i,    1.823821E-001 +    3.562659E-002i,   -2.497137E-001 +    4.212726E-002i,    5.627349E-002 +    2.569867E-001i,    4.559151E-001 -    1.995756E-001i,   -4.030974E-001 +    5.178995E-001i,    1.307439E-002 -    4.959592E-002i,   -5.075955E-002 -    1.024948E-002i,   -1.005046E-002 +    5.040239E-002i,    5.147734E-002 +    6.687065E-003i,   -5.668734E-004 -    5.146050E-002i,   -5.179858E-002 +    4.577806E-003i,   -7.045784E-002 -    4.263210E-003i,    4.476893E-003 +    7.096520E-002i,    7.044465E-002 -    3.311538E-004i,   -9.468393E-003 -    7.036058E-002i,   -6.898088E-002 +    1.475101E-002i,    2.433359E-002 +    6.687220E-002i;  -1.648951E-001 +    1.737050E-001i,    4.112616E-002 +    2.753129E-002i,    2.705867E-002 -    4.344070E-002i,   -4.257971E-002 -    2.475479E-002i,   -2.354391E-002 +    4.542648E-002i,    4.669621E-002 +    1.566652E-002i,    1.307439E-002 -    4.959592E-002i,    6.690315E-001 -    2.893215E-001i,    4.633493E-001 -    4.693883E-002i,   -4.517813E-002 -    2.131652E-001i,   -2.117253E-001 +    6.007923E-002i,   -1.307621E-001 -    8.425557E-002i,   -7.470021E-002 +    1.382935E-001i,    4.401822E-002 +    2.344039E-002i,    1.797374E-002 -    4.691214E-002i,   -4.535960E-002 -    2.048452E-002i,   -1.458894E-002 +    4.799019E-002i,    4.865579E-002 +    1.078936E-002i,    4.012782E-003 -    5.011637E-002i;   1.848124E-001 +    1.559418E-001i,    2.532062E-002 -    4.307644E-002i,   -4.538136E-002 -    2.470762E-002i,   -2.243638E-002 +    4.437754E-002i,    4.717531E-002 +    2.104785E-002i,    1.303329E-002 -    4.798998E-002i,   -5.075955E-002 -    1.024948E-002i,    4.633493E-001 -    4.693883E-002i,   -6.323361E-001 +    3.569232E-001i,   -2.121814E-001 +    5.812033E-002i,    7.305412E-002 +    2.098504E-001i,   -7.720076E-002 +    1.367694E-001i,    1.437961E-001 +    6.712528E-002i,    2.102667E-002 -    4.574981E-002i,   -4.834383E-002 -    1.534599E-002i,   -1.796826E-002 +    4.692727E-002i,    4.923056E-002 +    1.187080E-002i,    8.001915E-003 -    4.967709E-002i,   -5.074911E-002 -    1.085579E-003i;   1.543249E-001 -    1.837969E-001i,   -4.281326E-002 -    2.502670E-002i,   -2.441277E-002 +    4.509937E-002i,    4.409765E-002 +    2.216102E-002i,    2.077622E-002 -    4.687104E-002i,   -4.766033E-002 -    1.281998E-002i,   -1.005046E-002 +    5.040239E-002i,   -4.517813E-002 -    2.131652E-001i,   -2.121814E-001 +    5.812033E-002i,    3.924862E-001 -    7.161782E-001i,    1.806825E-001 +    2.885190E-002i,   -1.004023E-001 -    1.940592E-001i,   -1.876832E-001 +    1.162575E-001i,   -4.545621E-002 -    2.075863E-002i,   -1.511444E-002 +    4.801707E-002i,    4.661747E-002 +    1.772039E-002i,    1.166326E-002 -    4.888879E-002i,   -4.932267E-002 -    7.822405E-003i,   -9.555153E-004 +    5.037000E-002i;  -1.957504E-001 -    1.429678E-001i,   -2.229694E-002 +    4.485208E-002i,    4.711392E-002 +    2.152220E-002i,    1.932147E-002 -    4.595074E-002i,   -4.865098E-002 -    1.773665E-002i,   -9.665154E-003 +    4.890320E-002i,    5.147734E-002 +    6.687065E-003i,   -2.117253E-001 +    6.007923E-002i,    7.305412E-002 +    2.098504E-001i,    1.806825E-001 +    2.885190E-002i,   -2.920762E-001 +    7.592729E-001i,   -1.887019E-001 +    1.144251E-001i,    1.299673E-001 +    1.811943E-001i,   