% Matlab m-File exported from HFSS13.0.2 
% Note: In three-dimensional arrays, like S(i,j,k), the first index corresponds to the frequency.
%       So, S(N,j,k) is an S(j,k) matrix for frequency N.

f = zeros(1,1);
S = zeros(1,19,19);
Zo = zeros(1,19);

f = [3700000000 ];
S(1,:,:) = [    6.622833E-002 +    5.972225E-002i,    2.287237E-001 -    3.373584E-002i,   -1.942586E-002 -    2.263560E-001i,   -2.315150E-001 +    1.110833E-002i,   -1.448644E-003 +    2.273614E-001i,    2.307136E-001 -    2.267641E-002i,   -1.114674E-002 -    2.268717E-001i,   -2.402239E-001 +    3.886599E-002i,    3.113926E-002 +    2.385124E-001i,    2.425289E-001 -    1.495526E-002i,   -8.998553E-003 -    2.402032E-001i,   -2.415364E-001 +    2.774736E-002i,    2.268633E-002 +    2.394980E-001i,    2.190251E-001 -    5.801922E-002i,   -6.718144E-002 -    2.171357E-001i,   -2.231945E-001 +    3.594332E-002i,    4.621833E-002 +    2.220871E-001i,    2.219625E-001 -    4.660177E-002i,   -5.857479E-002 -    2.199812E-001i;   2.287237E-001 -    3.373584E-002i,    3.355647E-001 +    5.681816E-001i,    1.033244E-002 +    4.971119E-001i,    2.573778E-001 +    1.568488E-002i,    2.907001E-002 -    2.512672E-001i,    6.112015E-002 -    1.738647E-001i,   -1.672252E-001 -    6.813847E-002i,   -1.672321E-002 +    4.897618E-002i,    4.788239E-002 +    1.800240E-002i,    2.144173E-002 -    4.701817E-002i,   -4.598604E-002 -    2.232727E-002i,   -1.894139E-002 +    4.811086E-002i,    4.722223E-002 +    1.968755E-002i,    6.966497E-002 +    9.177674E-003i,    6.326850E-003 -    7.020312E-002i,   -6.825846E-002 -    1.600146E-002i,   -1.292362E-002 +    6.915207E-002i,    6.916158E-002 +    1.279893E-002i,    9.131011E-003 -    7.000470E-002i;  -1.942586E-002 -    2.263560E-001i,    1.033244E-002 +    4.971119E-001i,   -2.817566E-001 -    6.064498E-001i,    3.075956E-002 -    2.515087E-001i,   -2.447156E-001 -    4.352316E-002i,   -1.668817E-001 -    7.033524E-002i,   -7.682244E-002 +    1.599502E-001i,    4.703864E-002 +    1.932848E-002i,    2.051782E-002 -    4.588939E-002i,   -4.483627E-002 -    2.383962E-002i,   -2.464653E-002 +    4.377103E-002i,    4.605739E-002 +    2.145247E-002i,    2.213124E-002 -    4.514122E-002i,    1.316345E-002 -    6.778173E-002i,   -6.847987E-002 -    1.039941E-002i,   -1.977245E-002 +    6.599453E-002i,    6.705488E-002 +    1.680697E-002i,    1.668525E-002 -    6.707166E-002i,   -6.811773E-002 -    1.313798E-002i;  -2.315150E-001 +    1.110833E-002i,    2.573778E-001 +    1.568488E-002i,    3.075956E-002 -    2.515087E-001i,    5.987413E-001 +    4.498977E-001i,   -1.368317E-001 +    1.954719E-001i,    2.570341E-001 +    2.820318E-002i,    3.990625E-002 -    2.501941E-001i,    2.151243E-002 -    4.721306E-002i,   -4.599572E-002 -    2.268080E-002i,   -2.602689E-002 +    4.479445E-002i,    4.367744E-002 +    2.680861E-002i,    2.364012E-002 -    4.613108E-002i,   -4.517097E-002 -    2.429693E-002i,   -6.859738E-002 -    1.602412E-002i,   -1.323302E-002 +    6.941533E-002i,    6.652144E-002 +    2.269330E-002i,    1.971075E-002 -    6.771639E-002i,   -6.773817E-002 -    1.958729E-002i,   -1.601106E-002 +    6.894091E-002i;  -1.448644E-003 +    2.273614E-001i,    2.907001E-002 -    2.512672E-001i,   -2.447156E-001 -    4.352316E-002i,   -1.368317E-001 +    1.954719E-001i,   -5.538940E-001 -    5.188967E-001i,    4.131343E-002 -    2.502639E-001i,   -2.429409E-001 -    5.241237E-002i,   -4.509973E-002 -    2.358583E-002i,   -2.466542E-002 +    4.384511E-002i,    4.249027E-002 +    2.787896E-002i,    2.858517E-002 -    4.135453E-002i,   -4.392662E-002 -    2.561229E-002i,   -2.620451E-002 +    4.295121E-002i,   -1.934883E-002 +    6.633803E-002i,    6.728785E-002 +    1.665849E-002i,    2.577076E-002 -    6.394947E-002i,   -6.527877E-002 -    2.291298E-002i,   -2.279322E-002 +    6.530667E-002i,    6.667522E-002 +    1.935433E-002i;   2.307136E-001 -    2.267641E-002i,    6.112015E-002 -    1.738647E-001i,   -1.668817E-001 -    7.033524E-002i,    2.570341E-001 +    2.820318E-002i,    4.131343E-002 -    2.502639E-001i,    2.762600E-001 +    5.993802E-001i,   -3.416718E-002 +    4.943955E-001i,   -1.912810E-002 +    4.823895E-002i,    4.708133E-002 +    2.035612E-002i,    2.375874E-002 -    4.604871E-002i,   -4.497198E-002 -    2.459550E-002i,   -2.130765E-002 +    4.726454E-002i,    4.633830E-002 +    2.201179E-002i,    6.932604E-002 +    1.257602E-002i,    9.746963E-003 -    7.000351E-002i,   -6.758588E-002 -    1.934195E-002i,   -1.630279E-002 +    6.863038E-002i,    6.864596E-002 +    1.617838E-002i,    1.254579E-002 -    6.966855E-002i;  -1.114674E-002 -    2.268717E-001i,   -1.672252E-001 -    6.813847E-002i,   -7.682244E-002 +    1.599502E-001i,    3.990625E-002 -    2.501941E-001i,   -2.429409E-001 -    5.241237E-002i,   -3.416718E-002 +    4.943955E-001i,   -2.367328E-001 -    6.269349E-001i,    4.629291E-002 +    2.102899E-002i,    2.217536E-002 -    4.510123E-002i,   -4.392776E-002 -    2.545587E-002i,   -2.622321E-002 +    4.283397E-002i,    4.523497E-002 +    2.311534E-002i,    2.376009E-002 -    4.429480E-002i,    1.562639E-002 -    6.724331E-002i,   -6.804175E-002 -    1.289019E-002i,   -2.216450E-002 +    6.521639E-002i,    6.638409E-002 +    1.924026E-002i,    1.911925E-002 -    6.640529E-002i,   -6.757995E-002 -    1.561320E-002i;  -2.402239E-001 +    3.886599E-002i,   -1.672321E-002 +    4.897618E-002i,    4.703864E-002 +    1.932848E-002i,    2.151243E-002 -    4.721306E-002i,   -4.509973E-002 -    2.358583E-002i,   -1.912810E-002 +    4.823895E-002i,    4.629291E-002 +    2.102899E-002i,    4.512073E-001 +    5.659794E-001i,    1.331137E-001 +    4.480109E-001i,    2.112154E-001 -    6.908519E-002i,   -6.327741E-002 -    2.105285E-001i,    9.130119E-002 -    1.298518E-001i,   -1.266609E-001 -    9.288496E-002i,   -1.074634E-002 +    4.967443E-002i,    5.023139E-002 +    8.723208E-003i,    1.558194E-002 -    4.825598E-002i,   -4.908264E-002 -    1.341624E-002i,   -1.332692E-002 +    4.909686E-002i,    4.992210E-002 +    1.073286E-002i;   3.113926E-002 +    2.385124E-001i,    4.788239E-002 +    1.800240E-002i,    2.051782E-002 -    4.588939E-002i,   -4.599572E-002 -    2.268080E-002i,   -2.466542E-002 +    4.384511E-002i,    4.708133E-002 +    2.035612E-002i,    2.217536E-002 -    4.510123E-002i,    1.331137E-001 +    4.480109E-001i,   -4.267788E-001 -    5.902101E-001i,   -6.187207E-002 -    2.107656E-001i,   -2.099115E-001 +    5.615482E-002i,   -1.255325E-001 -    9.412853E-002i,   -9.559684E-002 +    1.223321E-001i,    4.875287E-002 +    1.211844E-002i,    1.013645E-002 -    4.936429E-002i,   -4.720533E-002 -    1.685308E-002i,   -1.473838E-002 +    4.808751E-002i,    4.810425E-002 +    1.465057E-002i,    1.211261E-002 -    4.899798E-002i;   2.425289E-001 -    1.495526E-002i,    2.144173E-002 -    4.701817E-002i,   -4.483627E-002 -    2.383962E-002i,   -2.602689E-002 +    4.479445E-002i,    4.249027E-002 +    2.787896E-002i,    2.375874E-002 -    4.604871E-002i,   -4.392776E-002 -    2.545587E-002i,    2.112154E-001 -    6.908519E-002i,   -6.187207E-002 -    2.107656E-001i,    6.933977E-001 +    4.257171E-001i,   -5.230508E-002 +    1.750135E-001i,    2.137508E-001 -    5.911370E-002i,   -5.426493E-002 -    2.126285E-001i,    1.557157E-002 -    4.830075E-002i,   -4.905348E-002 -    1.361614E-002i,   -2.023677E-002 +    4.641494E-002i,    4.744970E-002 +    1.816624E-002i,    1.807889E-002 -    4.747263E-002i,   -4.854818E-002 -    1.558257E-002i;  -8.998553E-003 -    2.402032E-001i,   -4.598604E-002 -    2.232727E-002i,   -2.464653E-002 +    4.377103E-002i,    4.367744E-002 +    2.680861E-002i,    2.858517E-002 -    4.135453E-002i,   -4.497198E-002 -    2.459550E-002i,   -2.622321E-002 +    4.283397E-002i,   -6.327741E-002 -    2.105285E-001i,   -2.099115E-001 +    5.615482E-002i,   -5.230508E-002 +    1.750135E-001i,   -6.763004E-001 -    4.604075E-001i,   -5.335569E-002 -    2.127978E-001i,   -2.115721E-001 +    4.858735E-002i,   