% Matlab m-File exported from HFSS13.0.2 
% Note: In three-dimensional arrays, like S(i,j,k), the first index corresponds to the frequency.
%       So, S(N,j,k) is an S(j,k) matrix for frequency N.

f = zeros(1,1);
S = zeros(1,19,19);
Zo = zeros(1,19);

f = [3700000000 ];
S(1,:,:) = [    6.917381E-002 +    6.074742E-002i,    2.178686E-001 -    7.588181E-002i,   -5.758859E-002 -    2.224926E-001i,   -2.263408E-001 +    4.486693E-002i,    2.665653E-002 +    2.274861E-001i,    2.263376E-001 -    4.781786E-002i,   -3.055189E-002 -    2.264869E-001i,   -2.256276E-001 +    8.367937E-002i,    7.188298E-002 +    2.285532E-001i,    2.347195E-001 -    5.279244E-002i,   -4.114437E-002 -    2.354049E-001i,   -2.345182E-001 +    5.480449E-002i,    4.476879E-002 +    2.345460E-001i,    2.050450E-001 -    9.833375E-002i,   -1.031584E-001 -    2.039318E-001i,   -2.169417E-001 +    6.966254E-002i,    7.576281E-002 +    2.158900E-001i,    2.158008E-001 -    7.209869E-002i,   -7.947778E-002 -    2.141044E-001i;   2.178686E-001 -    7.588181E-002i,    5.308183E-001 +    3.927181E-001i,    1.850010E-001 +    4.610597E-001i,    2.456476E-001 -    7.174011E-002i,   -5.173493E-002 -    2.486970E-001i,    1.941621E-003 -    1.850810E-001i,   -1.822004E-001 -    1.545308E-002i,    2.646633E-003 +    5.085131E-002i,    5.069697E-002 -    7.955082E-005i,    4.165290E-003 -    5.073636E-002i,   -5.013899E-002 -    6.560913E-003i,   -3.746258E-003 +    5.082280E-002i,    5.019447E-002 +    5.774718E-003i,    6.802990E-002 -    1.654388E-002i,   -1.806806E-002 -    6.800224E-002i,   -6.978506E-002 +    7.149526E-003i,    9.053996E-003 +    6.985726E-002i,    6.959672E-002 -    7.956018E-003i,   -1.028677E-002 -    6.955629E-002i;  -5.758859E-002 -    2.224926E-001i,    1.850010E-001 +    4.610597E-001i,   -4.637112E-001 -    4.737623E-001i,   -5.121327E-002 -    2.497355E-001i,   -2.511332E-001 +    3.110273E-002i,   -1.835989E-001 -    1.700688E-002i,   -3.018700E-002 +    1.796382E-001i,    5.070322E-002 +    1.515319E-003i,    4.051465E-003 -    5.034084E-002i,   -5.003410E-002 -    8.269152E-003i,   -1.059897E-002 +    4.924583E-002i,    5.015406E-002 +    7.860161E-003i,    9.822920E-003 -    4.936496E-002i,   -1.088293E-002 -    6.889119E-002i,   -6.898791E-002 +    1.239846E-002i,    1.412773E-003 +    6.986841E-002i,    7.009525E-002 -    3.297739E-003i,   -2.228841E-003 -    6.974712E-002i,   -6.989687E-002 +    4.546221E-003i;  -2.263408E-001 +    4.486693E-002i,    2.456476E-001 -    7.174011E-002i,   -5.121327E-002 -    2.497355E-001i,    7.119461E-001 +    2.345568E-001i,   -7.492898E-002 +    2.287856E-001i,    2.538436E-001 -    4.049093E-002i,   -2.132108E-002 -    2.530499E-001i,    4.448668E-003 -    5.073426E-002i,   -5.022449E-002 -    6.969807E-003i,   -1.117964E-002 +    4.967332E-002i,    4.874858E-002 +    1.346936E-002i,    1.077662E-002 -    4.981720E-002i,   -4.891284E-002 -    1.269837E-002i,   -6.968119E-002 +    6.927622E-003i,    8.441111E-003 +    6.986571E-002i,    7.011348E-002 +    2.621154E-003i,    7.448867E-004 -    7.044978E-002i,   -7.003907E-002 -    1.796169E-003i,    5.179789E-004 +    7.032307E-002i;   2.665653E-002 +    2.274861E-001i,   -5.173493E-002 -    2.486970E-001i,   -2.511332E-001 +    3.110273E-002i,   -7.492898E-002 +    2.287856E-001i,   -6.697571E-001 -    3.460310E-001i,   -2.017074E-002 -    2.543578E-001i,   -2.520699E-001 +    1.263931E-003i,   -4.985407E-002 -    8.378559E-003i,   -1.083333E-002 +    4.915203E-002i,    4.827667E-002 +    1.495585E-002i,    1.714911E-002 -    4.718216E-002i,   -4.845063E-002 -    1.456834E-002i,   -1.639908E-002 +    4.740512E-002i,    1.393507E-003 +    6.949416E-002i,    6.979537E-002 -    2.876678E-003i,    8.089114E-003 -    6.917350E-002i,   -6.965333E-002 -    6.258861E-003i,   -7.266939E-003 +    6.916453E-002i,    6.962694E-002 +    4.999295E-003i;   2.263376E-001 -    4.781786E-002i,    1.941621E-003 -    1.850810E-001i,   -1.835989E-001 -    1.700688E-002i,    2.538436E-001 -    4.049093E-002i,   -2.017074E-002 -    2.543578E-001i,    4.131772E-001 +    5.105343E-001i,    7.118561E-002 +    4.940152E-001i,   -3.823089E-003 +    5.091555E-002i,    5.043615E-002 +    6.356860E-003i,    1.058402E-002 -    4.993644E-002i,   -4.903815E-002 -    1.289100E-002i,   -1.017820E-002 +    5.007562E-002i,    4.919313E-002 +    1.211605E-002i,    6.976660E-002 -    7.819067E-003i,   -9.338615E-003 -    6.993258E-002i,   -7.031977E-002 -    1.747900E-003i,    1.372275E-004 +    7.063335E-002i,    7.023482E-002 +    9.218079E-004i,   -1.401627E-003 -    7.049049E-002i;  -3.055189E-002 -    2.264869E-001i,   -1.822004E-001 -    1.545308E-002i,   -3.018700E-002 +    1.796382E-001i,   -2.132108E-002 -    2.530499E-001i,   -2.520699E-001 +    1.263931E-003i,    7.118561E-002 +    4.940152E-001i,   -3.456311E-001 -    5.661229E-001i,    4.988250E-002 +    7.491410E-003i,    9.952618E-003 -    4.922482E-002i,   -4.842325E-002 -    1.408067E-002i,   -1.628780E-002 +    4.736948E-002i,    4.859006E-002 +    1.369104E-002i,    1.553566E-002 -    4.757887E-002i,   -2.599377E-003 -    6.930633E-002i,   -6.958103E-002 +    4.084298E-003i,   -6.866502E-003 +    6.915142E-002i,    6.959827E-002 +    5.032209E-003i,    6.046419E-003 -    6.912816E-002i,   -6.955003E-002 -    3.776067E-003i;  -2.256276E-001 +    8.367937E-002i,    2.646633E-003 +    5.085131E-002i,    5.070322E-002 +    1.515319E-003i,    4.448668E-003 -    5.073426E-002i,   -4.985407E-002 -    8.378559E-003i,   -3.823089E-003 +    5.091555E-002i,    4.988250E-002 +    7.491410E-003i,    6.344272E-001 +    3.509809E-001i,    2.883328E-001 +    3.703299E-001i,    1.737618E-001 -    1.370332E-001i,   -1.276418E-001 -    1.789573E-001i,    4.697144E-002 -    1.493292E-001i,   -1.460228E-001 -    5.259453E-002i,    8.484137E-003 +    4.963151E-002i,    4.968752E-002 -    9.579043E-003i,   -1.656795E-003 -    5.042322E-002i,   -5.056979E-002 +    3.019569E-003i,    2.244789E-003 +    5.032828E-002i,    5.041525E-002 -    3.919009E-003i;   7.188298E-002 +    2.285532E-001i,    5.069697E-002 -    7.955082E-005i,    4.051465E-003 -    5.034084E-002i,   -5.022449E-002 -    6.969807E-003i,   -1.083333E-002 +    4.915203E-002i,    5.043615E-002 +    6.356860E-003i,    9.952618E-003 -    4.922482E-002i,    2.883328E-001 +    3.703299E-001i,   -5.997977E-001 -    4.109830E-001i,   -1.275385E-001 -    1.796580E-001i,   -1.843528E-001 +    1.179394E-001i,   -1.461285E-001 -    5.420075E-002i,   -5.962614E-002 +    1.425585E-001i,    4.977704E-002 -    5.945310E-003i,   -7.031221E-003 -    4.988768E-002i,   -5.022162E-002 -    8.832113E-004i,    4.645102E-004 +    5.043576E-002i,    5.015673E-002 +    2.937736E-004i,   -1.366627E-003 -    5.032724E-002i;   2.347195E-001 -    5.279244E-002i,    4.165290E-003 -    5.073636E-002i,   -5.003410E-002 -    8.269152E-003i,   -1.117964E-002 +    4.967332E-002i,    4.827667E-002 +    1.495585E-002i,    1.058402E-002 -    4.993644E-002i,   -4.842325E-002 -    1.408067E-002i,    1.737618E-001 -    1.370332E-001i,   -1.275385E-001 -    1.796580E-001i,    7.920275E-001 +    1.903169E-001i,    3.335320E-003 +    1.832518E-001i,    1.898534E-001 -    1.144274E-001i,   -1.056466E-001 -    1.927205E-001i,   -1.781270E-003 -    5.030699E-002i,   -5.050863E-002 +    2.858619E-003i,   -5.088885E-003 +    5.018010E-002i,    5.050722E-002 +    3.758223E-003i,    4.493634E-003 -    5.016452E-002i,   -5.047417E-002 -    2.846437E-003i;  -4.114437E-002 -    2.354049E-001i,   -5.013899E-002 -    6.560913E-003i,   -1.059897E-002 +    4.924583E-002i,    4.874858E-002 +    1.346936E-002i,    1.714911E-002 -    4.718216E-002i,   -4.903815E-002 -    1.289100E-002i,   -1.628780E-002 +    4.736948E-002i,   -1.276418E-001 -    1.789573E-001i,   -1.843528E-001 +    1.179394E-001i,    3.335320E-003 +    1.832518E-001i,   -7.730308E-001 -    2.660965E-001i,   -1.044432E-001 -    1.938407E-001i,   -1.962651E-001 +    9.559400E-002i,   