% Matlab m-File exported from HFSS13.0.2 
% Note: In three-dimensional arrays, like S(i,j,k), the first index corresponds to the frequency.
%       So, S(N,j,k) is an S(j,k) matrix for frequency N.

f = zeros(1,1);
S = zeros(1,19,19);
Zo = zeros(1,19);

f = [3700000000 ];
S(1,:,:) = [    7.096760E-002 +    6.053990E-002i,    9.482448E-002 -    2.030828E-001i,   -2.022009E-001 -    1.163884E-001i,   -1.346737E-001 +    1.789161E-001i,    1.719469E-001 +    1.565202E-001i,    1.472518E-001 -    1.701057E-001i,   -1.603504E-001 -    1.687549E-001i,   -9.616697E-002 +    2.199120E-001i,    2.147790E-001 +    1.130793E-001i,    1.404845E-001 -    1.945279E-001i,   -1.859980E-001 -    1.553536E-001i,   -1.534319E-001 +    1.849722E-001i,    1.749135E-001 +    1.676793E-001i,    7.064555E-002 -    2.158841E-001i,   -2.164721E-001 -    7.404032E-002i,   -1.147651E-001 +    1.953441E-001i,    1.957132E-001 +    1.176321E-001i,    1.280521E-001 -    1.878536E-001i,   -1.888462E-001 -    1.299012E-001i;   9.482448E-002 -    2.030828E-001i,    3.730051E-001 -    5.589972E-001i,    4.571756E-001 -    1.956178E-001i,   -5.927644E-002 -    2.372061E-001i,   -2.509544E-001 +    3.835207E-002i,   -1.731770E-001 -    2.466407E-002i,   -4.282683E-002 +    1.758503E-001i,    4.917045E-002 -    4.345274E-003i,   -7.870835E-004 -    4.991292E-002i,   -4.896270E-002 -    6.156156E-003i,   -9.680836E-003 +    4.889061E-002i,    4.851590E-002 +    9.435288E-003i,    1.299862E-002 -    4.810662E-002i,   -1.900370E-002 -    6.514347E-002i,   -6.586117E-002 +    1.826594E-002i,    4.661028E-003 +    6.752270E-002i,    6.809736E-002 -    4.016435E-003i,   -1.215024E-004 -    6.791754E-002i,   -6.847421E-002 -    1.669493E-004i;  -2.022009E-001 -    1.163884E-001i,    4.571756E-001 -    1.956178E-001i,   -4.752667E-001 +    4.494681E-001i,   -2.512821E-001 +    4.040425E-002i,    1.748133E-002 +    2.636820E-001i,   -4.096537E-002 +    1.774176E-001i,    1.785766E-001 +    6.004019E-002i,   -1.382877E-004 -    5.138267E-002i,   -5.183660E-002 -    3.618016E-003i,   -1.073471E-002 +    5.023425E-002i,    4.984634E-002 +    1.438389E-002i,    1.409593E-002 -    4.947953E-002i,   -4.873847E-002 -    1.775524E-002i,   -6.925119E-002 +    1.392206E-002i,    1.309314E-002 +    6.993000E-002i,    7.044457E-002 +    1.164670E-003i,    1.884258E-003 -    7.098330E-002i,   -7.045078E-002 -    5.907871E-003i,   -6.256492E-003 +    7.100250E-002i;  -1.346737E-001 +    1.789161E-001i,   -5.927644E-002 -    2.372061E-001i,   -2.512821E-001 +    4.040425E-002i,    3.312501E-001 -    6.861922E-001i,    2.114665E-001 +    1.111104E-001i,    7.771622E-003 -    2.453693E-001i,   -2.518919E-001 -    3.269690E-002i,   -4.896345E-002 -    5.916764E-003i,   -9.548456E-003 +    4.895369E-002i,    4.658955E-002 +    1.613920E-002i,    1.956975E-002 -    4.579047E-002i,   -4.547494E-002 -    1.925227E-002i,   -2.265089E-002 +    4.433826E-002i,    5.110275E-003 +    6.760758E-002i,    6.815664E-002 -    4.240743E-003i,    9.401832E-003 -    6.696846E-002i,   -6.739695E-002 -    1.015073E-002i,   -1.392094E-002 +    6.641603E-002i,    6.690056E-002 +    1.431798E-002i;   1.719469E-001 +    1.565202E-001i,   -2.509544E-001 +    3.835207E-002i,    1.748133E-002 +    2.636820E-001i,    2.114665E-001 +    1.111104E-001i,   -4.431705E-001 +    5.976828E-001i,   -2.529128E-001 -    3.175159E-002i,   -5.814993E-002 +    2.572466E-001i,   -1.084956E-002 +    5.004674E-002i,    4.968561E-002 +    1.460307E-002i,    2.118810E-002 -    4.660450E-002i,   -4.544680E-002 -    2.465738E-002i,   -2.429866E-002 +    4.515130E-002i,    4.364768E-002 +    2.770231E-002i,    7.038699E-002 +    1.251882E-003i,    2.203880E-003 -    7.087056E-002i,   -6.832353E-002 -    1.619279E-002i,   -1.700842E-002 +    6.869412E-002i,    6.731561E-002 +    2.081127E-002i,    2.126857E-002 -    6.777815E-002i;   1.472518E-001 -    1.701057E-001i,   -1.731770E-001 -    2.466407E-002i,   -4.096537E-002 +    1.774176E-001i,    7.771622E-003 -    2.453693E-001i,   -2.529128E-001 -    3.175159E-002i,    6.094337E-001 -    2.777776E-001i,    4.918104E-001 +    7.897209E-002i,    4.867277E-002 +    9.286397E-003i,    1.292594E-002 -    4.841409E-002i,   -4.559270E-002 -    1.937011E-002i,   -2.275394E-002 +    4.455663E-002i,    4.426212E-002 +    2.241409E-002i,    2.574278E-002 -    4.288984E-002i,   -4.887067E-004 -    6.811637E-002i,   -6.860713E-002 -    4.204953E-004i,   -1.401363E-002 +    6.648115E-002i,    6.685933E-002 +    1.479365E-002i,    1.850548E-002 -    6.561770E-002i,   -6.607616E-002 -    1.893666E-002i;  -1.603504E-001 -    1.687549E-001i,   -4.282683E-002 +    1.758503E-001i,    1.785766E-001 +    6.004019E-002i,   -2.518919E-001 -    3.269690E-002i,   -5.814993E-002 +    2.572466E-001i,    4.918104E-001 +    7.897209E-002i,   -6.434056E-001 +    1.213850E-001i,    1.446127E-002 -    4.918719E-002i,   -4.855453E-002 -    1.818313E-002i,   -2.453521E-002 +    4.500061E-002i,    4.359314E-002 +    2.791550E-002i,    2.753589E-002 -    4.332407E-002i,   -4.157594E-002 -    3.082557E-002i,   -7.019340E-002 -    6.351962E-003i,   -7.337621E-003 +    7.060727E-002i,    6.704998E-002 +    2.112147E-002i,    2.196277E-002 -    6.736092E-002i,   -6.570878E-002 -    2.566014E-002i,   -2.615030E-002 +    6.613749E-002i;  -9.616697E-002 +    2.199120E-001i,    4.917045E-002 -    4.345274E-003i,   -1.382877E-004 -    5.138267E-002i,   -4.896345E-002 -    5.916764E-003i,   -1.084956E-002 +    5.004674E-002i,    4.867277E-002 +    9.286397E-003i,    1.446127E-002 -    4.918719E-002i,    3.324236E-001 -    6.501237E-001i,    3.672475E-001 -    2.856794E-001i,   -1.250846E-001 -    1.767403E-001i,   -1.869461E-001 +    1.134606E-001i,   -1.400728E-001 -    6.550890E-002i,   -7.601239E-002 +    1.361224E-001i,    4.896660E-002 -    1.044173E-002i,   -9.859866E-003 -    4.945459E-002i,   -4.993754E-002 -    2.411471E-004i,   -7.466888E-004 +    5.032534E-002i,    4.998129E-002 +    3.602865E-003i,    3.845375E-003 -    5.037522E-002i;   2.147790E-001 +    1.130793E-001i,   -7.870835E-004 -    4.991292E-002i,   -5.183660E-002 -    3.618016E-003i,   -9.548456E-003 +    4.895369E-002i,    4.968561E-002 +    1.460307E-002i,    1.292594E-002 -    4.841409E-002i,   -4.855453E-002 -    1.818313E-002i,    3.672475E-001 -    2.856794E-001i,   -4.284991E-001 +    5.870721E-001i,   -1.874141E-001 +    1.132404E-001i,    1.007696E-001 +    1.968579E-001i,   -7.631794E-002 +    1.364922E-001i,    1.317396E-001 +    8.662328E-002i,   -6.951108E-003 -    5.015313E-002i,   -5.060278E-002 +    6.328529E-003i,   -3.895049E-003 +    5.035124E-002i,    5.070542E-002 +    4.433316E-003i,    7.289004E-003 -    5.014954E-002i,   -5.052913E-002 -    7.562415E-003i;   1.404845E-001 -    1.945279E-001i,   -4.896270E-002 -    6.156156E-003i,   -1.073471E-002 +    5.023425E-002i,    4.658955E-002 +    1.613920E-002i,    2.118810E-002 -    4.660450E-002i,   -4.559270E-002 -    1.937011E-002i,   -2.453521E-002 +    4.500061E-002i,   -1.250846E-001 -    1.767403E-001i,   -1.874141E-001 +    1.132404E-001i,    2.959266E-001 -    7.633823E-001i,    1.794165E-001 +    2.711325E-002i,   -7.136054E-002 -    2.046159E-001i,   -2.109318E-001 +    5.695851E-002i,   -5.005322E-002 -    1.562967E-004i,   -8.280596E-004 +    5.040693E-002i,    4.874198E-002 +    1.079973E-002i,    1.137572E-002 -    4.901394E-002i,   -4.807357E-002 -    1.409365E-002i,   -1.441394E-002 +    4.840716E-002i;  -1.859980E-001 -    1.553536E-001i,   -9.680836E-003 +    4.889061E-002i,    4.984634E-002 +    1.438389E-002i,    1.956975E-002 -    4.579047E-002i,   -4.544680E-002 -    2.465738E-002i,   -2.275394E-002 +    4.455663E-002i,    4.359314E-002 +    2.791550E-002i,   -1.869461E-001 +    1.134606E-001i,    1.007696E-001 +    1.968579E-001i,    1.794165E-001 +    2.711325E-002i,   -3.995116E-001 +    7.111372E-001i,   -2.112126E-001 +    5.735519E-002i,    4.239696E-002 +    2.165524E-001i,   -3.713693E-003 +    5.041554E-002i,    5.072416E-002 +    4.415599E-003i,    1.434337E-002 -    4.833832E-002i,   -4.857139E-002 -    1.494298E-002i,   -1.761438E-002 +    4.743089E-002i,    4.774422E-002 +    1.796076E-002i;  -1.534319E-001 +    1.849722E-001i,    4.851590E-002 +    9.435288E-003i,    1.409593E-002 -    4.947953E-002i,   -4.547494E-002 -    1.925227E-002i,   -2.429866E-002 +    4.515130E-002i,    4.426212E-002 +    2.241409E-002i,    2.753589E-002 -    4.332407E-002i,   -1.400728E-001 -    6.550890E-002i,   -7.631794E-002 +    1.364922E-001i,   -7.136054E-002 -    2.046159E-001i,   -2.112126E-001 +    5.735519E-002i,    6.275621E-001 -    3.724228E-001i,    4.630284E-001 -    4.704608E-002i,    5.000801E-002 +    3.512722E-003i,    4.207738E-003 -    5.031642E-002i,   -4.798394E-002 -    1.406084E-002i,   -1.465467E-002 +    4.821709E-002i,    4.709510E-002 +    1.730765E-002i,    1.765009E-002 -    4.740699E-002i;   1.749135E-001 +    1.676793E-001i,    1.299862E-002 -    4.810662E-002i,   -4.873847E-002 -    1.775524E-002i,   -2.265089E-002 +    4.433826E-002i,    4.364768E-002 +    2.770231E-002i,    2.574278E-002 -    4.288984E-002i,   -4.157594E-002 -    3.082557E-002i,   -7.601239E-002 +    1.361224E-001i,    1.317396E-001 +    8.662328E-002i,   -2.109318E-001 +    5.695851E-002i,    4.239696E-002 +    2.165524E-001i,    4.630284E-001 -    4.704608E-002i,   -6.749368E-001 +    2.713863E-001i,    7.150633E-003 -    5.003563E-002i,   -5.029550E-002 -    7.871879E-003i,   -1.761174E-002 +    4.723699E-002i,    4.742849E-002 +    1.822579E-002i,    2.081254E-002 -    4.610824E-002i,   -4.639711E-002 -    2.117947E-002i;   7.064555E-002 -    2.158841E-001i,   -1.900370E-002 -    6.514347E-002i,   -6.925119E-002 +    1.392206E-002i,    5.110275E-003 +    6.760758E-002i,    7.038699E-002 +    1.251882E-003i,   -4.887067E-004 -    6.811637E-002i,   -7.019340E-002 -    6.351962E-003i,    4.896660E-002 -    1.044173E-002i,   -6.951108E-003 -    5.015313E-002i,   -5.005322E-002 -    1.562967E-004i,   -3.713693E-003 +    5.041554E-002i,    5.000801E-002 +    3.512722E-003i,    7.150633E-003 -    5.003563E-002i,    2.568151E-001 -    6.146789E-001i,    3.825778E-001 -    3.233102E-001i,   -1.106463E-001 -    2.256978E-001i,   -2.285774E-001 +    1.092347E-001i,   -1.773060E-001 +    9.601885E-003i,    8.924880E-003 +    1.787988E-001i;  -2.164721E-001 -    7.404032E-002i,   -6.586117E-002 +    1.826594E-002i,    1.309314E-002 +    6.993000E-002i,    6.815664E-002 -    4.240743E-003i,    2.203880E-003 -    7.087056E-002i,   -6.860713E-002 -    4.204953E-004i,   -7.337621E-003 +    7.060727E-002i,   -9.859866E-003 -    4.945459E-002i,   -5.060278E-002 +    6.328529E-003i,   -8.280596E-004 +    5.040693E-002i,    5.072416E-002 +    4.415599E-003i,    4.207738E-003 -    5.031642E-002i,   -5.029550E-002 -    7.871879E-003i,    3.825778E-001 -    3.233102E-001i,   -2.775968E-001 +    6.026764E-001i,   -2.287847E-001 +    1.084088E-001i,    1.069485E-001 +    2.316659E-001i,    7.294457E-003 +    1.786950E-001i,    1.801894E-001 -    6.592638E-003i;  -1.147651E-001 +    1.953441E-001i,    4.661028E-003 +    6.752270E-002i,    7.044457E-002 +    1.164670E-003i,    9.401832E-003 -    6.696846E-002i,   -6.832353E-002 -    1.619279E-002i,   -1.401363E-002 +    6.648115E-002i,    6.704998E-002 +    2.112147E-002i,   -4.993754E-002 -    2.411471E-004i,   -3.895049E-003 +    5.035124E-002i,    4.874198E-002 +    1.079973E-002i,    1.434337E-002 -    4.833832E-002i,   -4.798394E-002 -    1.406084E-002i,   -1.761174E-002 +    4.723699E-002i,   -1.106463E-001 -    2.256978E-001i,   -2.287847E-001 +    1.084088E-001i,    1.888693E-001 -    7.341454E-001i,    2.340951E-001 +    3.893271E-002i,   -4.382844E-002 -    2.482163E-001i,   -2.504357E-001 +    4.312950E-002i;   1.957132E-001 +    1.176321E-001i,    6.809736E-002 -    4.016435E-003i,    1.884258E-003 -    7.098330E-002i,   -6.739695E-002 -    1.015073E-002i,   -1.700842E-002 +    6.869412E-002i,    6.685933E-002 +    1.479365E-002i,    2.196277E-002 -    6.736092E-002i,   -7.466888E-004 +    5.032534E-002i,    5.070542E-002 +    4.433316E-003i,    1.137572E-002 -    4.901394E-002i,   -4.857139E-002 -    1.494298E-002i,   -1.465467E-002 +    4.821709E-002i,    4.742849E-002 +    1.822579E-002i,   -2.285774E-001 +    1.092347E-001i,    1.069485E-001 +    2.316659E-001i,    2.340951E-001 +    3.893271E-002i,   -2.030179E-001 +    7.271356E-001i,   -2.505980E-001 +    4.166748E-002i,    4.094070E-002 +    2.528277E-001i;   1.280521E-001 -    1.878536E-001i,   -1.215024E-004 -    6.791754E-002i,   -7.045078E-002 -    5.907871E-003i,   -1.392094E-002 +    6.641603E-002i,    6.731561E-002 +    2.081127E-002i,    1.850548E-002 -    6.561770E-002i,   -6.570878E-002 -    2.566014E-002i,    4.998129E-002 +    3.602865E-003i,    7.289004E-003 -    5.014954E-002i,   -4.807357E-002 -    1.409365E-002i,   -1.761438E-002 +    4.743089E-002i,    4.709510E-002 +    1.730765E-002i,    2.081254E-002 -    4.610824E-002i,   -1.773060E-001 +    9.601885E-003i,    7.294457E-003 +    1.786950E-001i,   -4.382844E-002 -    2.482163E-001i,   -2.505980E-001 +    4.166748E-002i,    5.481102E-001 -    3.814306E-001i,    4.932207E-001 -    6.917720E-002i;  -1.888462E-001 -    1.299012E-001i,   -6.847421E-002 -    1.669493E-004i,   -6.256492E-003 +    7.100250E-002i,    6.690056E-002 +    1.431798E-002i,    2.126857E-002 -    6.777815E-002i,   -6.607616E-002 -    1.893666E-002i,   -2.615030E-002 +    6.613749E-002i,    3.845375E-003 -    5.037522E-002i,   -5.052913E-002 -    7.562415E-003i,   -1.441394E-002 +    4.840716E-002i,    4.774422E-002 +    1.796076E-002i,    1.765009E-002 -    4.740699E-002i,   -4.639711E-002 -    2.117947E-002i,    8.924880E-003 +    1.787988E-001i,    1.801894E-001 -    6.592638E-003i,   -2.504357E-001 +    4.312950E-002i,    4.094070E-002 +    2.528277E-001i,    4.932207E-001 -    6.917720E-002i,   -5.527038E-001 +    3.692453E-001i];
Zo(1,:) = [ 
   2.854896E+002 +    1.561180E-002i,    6.099138E+001 -    4.766518E-004i,    6.099533E+001 -    4.764565E-004i,    6.099916E+001 -    4.762126E-004i,    6.100280E+001 -    4.759318E-004i,    6.100649E+001 -    4.754930E-004i,    6.100984E+001 -    4.751916E-004i,    6.339196E+001 -    2.724880E-004i,    6.339386E+001 -    2.722324E-004i,    6.339550E+001 -    2.722239E-004i,    6.339699E+001 -    2.719764E-004i,    6.339887E+001 -    2.717318E-004i,    6.340013E+001 -    2.718224E-004i,    6.477562E+001 -    1.426153E-004i,    6.477496E+001 -    1.436084E-004i,    6.477539E+001 -    1.435157E-004i,    6.477578E+001 -    1.433194E-004i,    6.477594E+001 -    1.433370E-004i,    6.477627E+001 -    1.432402E-004i ];
