% Matlab m-File from Maxwell project
f = zeros(1,1);
S = zeros(1,361);

f(1) = 3700000000;

S = [
0.0854608744204241 + 0.04403407769831806i, -0.2111324539252906 + -0.09978201279702101i, 0.1062691366258329 + -0.1974086347716805i, 0.1820353029714466 + 0.1417399475411945i, -0.1417173407510173 + 0.1718812675844656i, -0.174612744535778 + -0.1534535664236289i, 0.151167095838767 + -0.1675054620644947i, 0.2217266944437289 + 0.1083798888477001i, -0.1223320657657067 + 0.2105013443465908i, -0.1930203566574224 + -0.1513377782341621i, 0.16073355617572 + -0.1816916978782473i, 0.184342522141147 + 0.1633779913286184i, -0.1703544321934363 + 0.1751507614354252i, -0.2148450452174439 + -0.08688734732389182i, 0.1129726413815165 + -0.1997998086832537i, 0.1910800294698059 + 0.1292347599403597i, -0.1505708034945527 + 0.1721585596277996i, -0.1841599812518236 + -0.1409212806069661i, 0.1599557618206398 + -0.1652910211392024i, -0.2111324539253175 + -0.0997820127970202i, -0.5608166237905695 + 0.4099486476509692i, 0.4736691207711071 + -0.09076253434514905i, 0.01677370516677468 + 0.2582791890580843i, -0.2497467479974645 + 0.009226434619211056i, 0.1468254957702886 + 0.08528372418405961i, -0.08464993559502164 + 0.1414090030190372i, -0.05351585402765066 + -0.000323836251873899i, 0.004105649996584643 + -0.05263467972843098i, 0.05194694854220191 + 0.01141713026388355i, -0.01431838524179095 + 0.05061707537573402i, -0.05138371289332835 + -0.01458574288405332i, 0.01681331717019547 + -0.05024384157689109i, 0.01574217591082407 + 0.06680567906932736i, -0.06763003202686758 + 0.006861986471430061i, -0.001438737810976998 + -0.06830345764208878i, 0.06737828648232018 + 0.006956241289854466i, -0.002570413692594416 + 0.06862935404962445i, -0.06732319703273861 + -0.01039995639031323i, 0.106269136625828 + -0.1974086347716888i, 0.4736691207711286 + -0.09076253434515917i, 0.5952109321951115 + -0.3880716154160904i, -0.2484641366845896 + 0.003109041085300546i, 0.003698244930314916 + -0.2399047005008292i, -0.08913917183174877 + 0.1364834177839908i, -0.1313222623973651 + -0.08825948293497087i, 0.002998400098600878 + -0.05129132958489924i, 0.05025656760004457 + 0.006579903917022504i, -0.01355514336703044 + 0.04922998294224799i, -0.04780926463100992 + -0.01626988680486907i, 0.01656471799415246 + -0.04853083938925518i, 0.04732611953934902 + 0.01864312243334555i, -0.06483971130621202 + 0.01173716534683196i, -0.003182000336660474 + -0.06518402555204934i, 0.06555727110931021 + 0.002051289284546579i, -0.01005339262266057 + 0.06424862351015089i, -0.06566835326107855 + -0.00591137729531521i, 0.01335224052244114 + -0.06402284069322337i, 0.1820353029714162 + 0.14173994754118i, 0.016773705166799 + 0.2582791890580827i, -0.2484641366845844 + 0.003109041085313393i, -0.5491820427923079 + 0.548533926567756i, 0.1660349271207637 + 0.1399962649651949i, -0.05574619927089804 + 0.2470865157346353i, -0.2390943639122707 + -0.05726535622697249i, 0.05152580337373801 + 0.01185479108018987i, -0.0153108532497691 + 0.04986056549374846i, -0.04762053375551435 + -0.02221165707646466i, 0.0247219781866588 + -0.0457126201949415i, 0.04639408435215153 + 0.02514509466432113i, -0.02704688798664909 + 0.04481465812329302i, -0.0007683226178537461 + -0.06780401594780694i, 0.06668346264672889 + 0.007971042033409915i, -0.01334494987462385 + 0.06616300934287651i, -0.06346035858177315 + -0.02123916681040682i, 0.01728054209249807 + -0.06561249659717358i, 0.06266448637720555 + 0.02454743765117079i, -0.1417173407510124 + 0.1718812675844476i, -0.2497467479974422 + 0.009226434619218894i, 0.003698244930316555 + -0.2399047005008042i, 0.1660349271207622 + 0.1399962649651827i, 0.589074358551422 + -0.5283727324942762i, -0.2369881374666854 + -0.06046895842154297i, 0.06171978306258111 + -0.2292330469545319i, -0.01283164881175757 + 0.0494137566326853i, -0.04771326404651657 + -0.01612258734216903i, 0.02272293843268701 + -0.04536509510534055i, 0.04345586797181246 + 0.02509449210925323i, -0.02552126348805182 + 0.04410221805906477i, -0.04252645847700395 + -0.0273143148193693i, 0.06546604945744718 + 0.001086548311430277i, -0.00949168621857154 + 0.06414884433257903i, -0.06350160369148311 + -0.01466462065803295i, 0.02221135401947992 + -0.06068012417095103i, 0.06286412939096964 + 0.01844846334900841i, -0.02538308238881107 + 0.05982273961884019i, -0.1746127445358481 + -0.1534535664236582i, 0.1468254957702946 + 0.08528372418407305i, -0.08913917183174661 + 0.136483417784003i, -0.05574619927092295 + 0.247086515734645i, -0.2369881374667085 + -0.06046895842155761i, -0.6966408766791031 + 0.04790674752714673i, 0.4577980033265296 + 0.1579613054605578i, -0.05111582608791049 + -0.01500623726817902i, 0.01838274653094902 + -0.04923415359449516i, 0.0465682624348554 + 0.02518961574372145i, -0.02760037288501622 + 0.04449908502621514i, -0.04515919399244583 + -0.02806671644122545i, 0.02988506379487587 + -0.04345681761977287i, -0.003283668833166891 + 0.06824373854703775i, -0.06659383532910385 + -0.01200674701887947i, 0.01738072592762465 + -0.06574885937926799i, 0.06255823295497093 + 0.02515909758689192i, -0.02130623816445878 + 0.06495969831507936i, -0.06155981778526702 + -0.02843896650431739i, 0.151167095838783 + -0.1675054620644884i, -0.08464993559506799 + 0.1414090030190363i, -0.1313222623973468 + -0.0882594829349785i, -0.2390943639122531 + -0.05726535622697277i, 0.06171978306256954 + -0.2292330469545319i, 0.4577980033264895 + 0.1579613054605333i, 0.7074412604736914 + -0.05670135272550695i, 0.01521817767385345 + -0.0494180102479153i, 0.04754856860953715 + 0.01847114335067791i, -0.02504338051923017 + 0.04487412036404798i, -0.04283505393778943 + -0.02735664502679841i, 0.02781769645584796 + -0.04346975012067143i, 0.04179425883196016 + 0.02956069600584364i, -0.0661913388994564 + -0.004060088580091973i, 0.01250508447378837 + -0.06447843151994268i, 0.0635895895965926 + 0.01770994065644646i, -0.02521834707467961 + 0.06039343420718352i, -0.06277345090130809 + -0.02150971455095911i, 0.0283888202721351 + -0.05938246656907467i, 0.221726694443714 + 0.1083798888476895i, -0.05351585402765451 + -0.0003238362518813851i, 0.002998400098602804 + -0.05129132958491245i, 0.0515258033737564 + 0.01185479108016749i, -0.01283164881174271 + 0.04941375663270258i, -0.05111582608792229 + -0.01500623726817861i, 0.01521817767384058 + -0.0494180102479474i, -0.5751893474089382 + 0.4911505509652602i, 0.4208753991833631 + -0.1235935167578018i, 0.06395241720825629 + 0.1977461125669559i, -0.1989828909016613 + 0.05154283289660135i, 0.1005634115597875 + 0.1358506833607633i, -0.1392293937325693 + 0.09340227399618663i, -0.05204151997446876 + 0.0007462670883158941i, 0.005964260661016529 + -0.0512016103284077i, 0.05081454016181006 + 0.01009023056331245i, -0.01615571368261301 + 0.04875833295778981i, -0.05040107756541511 + -0.01311228380344336i, 0.01869682989504021 + -0.04815509528253158i, -0.1223320657656701 + 0.2105013443464686i, 0.004105649996590831 + -0.05263467972842016i, 0.05025656760003601 + 0.006579903917017734i, -0.01531085324972555 + 0.04986056549373067i, -0.04771326404650883 + -0.01612258734214136i, 0.01838274653095541 + -0.04923415359450782i, 0.047548568609535 + 0.01847114335063705i, 0.4208753991834079 + -0.1235935167578836i, 0.6370215074677398 + -0.4154389120566433i, -0.1991003099432305 + 0.04893343509000327i, -0.03663534932570646 + -0.1994390990382379i, -0.1407882742835374 + 0.08933726343509971i, -0.08205188053914271 + -0.1436060464695644i, 0.0029483783062601 + -0.05125971526619236i, 0.04995841042591861 + 0.00949185070156953i, -0.01352425981781409 + 0.04928557687095204i, -0.04683312686932788 + -0.01934696212091103i, 0.01646858864992298 + -0.04866489194671636i, 0.04605974350607954 + 0.02180463764891364i, -0.1930203566574814 + -0.1513377782341323i, 0.05194694854221066 + 0.01141713026387493i, -0.01355514336701792 + 0.04922998294225621i, -0.04762053375554218 + -0.02221165707642604i, 0.02272293843268027 + -0.04536509510536764i, 0.04656826243483697 + 0.02518961574368868i, -0.02504338051919984 + 0.0448741203640396i, 