% Matlab m-File from Maxwell project
f = zeros(1,1);
S = zeros(1,361);

f(1) = 3700000000;

S = [
0.09035670808301911 + 0.03739244215980658i, -0.1071903385333962 + -0.2028678428377473i, 0.1920007547604086 + -0.1237589803588809i, 0.1069457608168539 + 0.2021423837285535i, -0.1898419178183909 + 0.1232636231222332i, -0.1377702282006099 + -0.1860262004541127i, 0.168486839411472 + -0.1524613985091984i, 0.1092861267651898 + 0.2197941852309522i, -0.2149752280531534 + 0.1201765070589458i, -0.1084252573941005 + -0.2196462563581528i, 0.214447870205708 + -0.1192920469627416i, 0.1408559034607621 + 0.201781515994546i, -0.1928506405468334 + 0.1525122157816577i, -0.1188743928866002 + -0.1968196332379822i, 0.1984861482624017 + -0.1134400770986688i, 0.1173523768447051 + 0.196999860169165i, -0.1972083039466203 + 0.1139007591357514i, -0.146291891695321 + -0.1775991931558951i, 0.1776385421417328 + -0.1436883015714776i, -0.1071903385341357 + -0.2028678428374924i, -0.5556080829769536 + -0.4268689857717079i, 0.2700141217615736 + 0.4021761703360703i, -0.2143430301568014 + 0.1287819013739324i, -0.1458666320896808 + -0.1999431557161639i, 0.02990674829861674 + 0.1644276160503913i, -0.157752619274772 + 0.0450159354845758i, -0.01227217769599667 + -0.05048925746316509i, 0.05000422283017036 + -0.01474592681514483i, 0.01210144120040125 + 0.05041840221373618i, -0.04985393253219788 + 0.01458808031936652i, -0.01963254615235512 + -0.04824855428168953i, 0.04695051924206367 + -0.02245688954553781i, -0.05965276213366665 + 0.03107771070177594i, -0.02946044008017121 + -0.06003913748522843i, 0.05967729359262168 + -0.03063002434566413i, 0.02961847988405087 + 0.05967452886023585i, -0.05454667184304764 + 0.03943654716978725i, -0.0386757015840322 + -0.05451017066888263i, 0.1920007547599148 + -0.123758980358713i, 0.2700141217614894 + 0.4021761703356885i, 0.6241156653027496 + 0.3222091698216351i, -0.1461613293139413 + -0.2015262180682206i, 0.1857747372738131 + -0.1618689640401882i, -0.1605178187574593 + 0.04379971164139082i, -0.05821202130898692 + -0.1525981719354539i, 0.04902314073062377 + -0.01651301312770985i, 0.01892492326280778 + 0.04832937764621832i, -0.04896754114579449 + 0.01633757491816548i, -0.01875544079826038 + -0.04819388149444229i, 0.04616788174280844 + -0.02362081944755307i, 0.02631057309286367 + 0.04463759504147791i, -0.03595326965441173 + -0.05649526583514609i, 0.05701753828269059 + -0.03438238332538103i, 0.03551133697407558 + 0.05655808679185775i, -0.05664231068799532 + 0.03450778980930019i, -0.04380506780001269 + -0.05071210498422726i, 0.05074131360186173 + -0.04304727812630483i, 0.1069457608167333 + 0.2021423837286942i, -0.2143430301567354 + 0.1287819013732461i, -0.146161329313148 + -0.2015262180684662i, -0.7769457908613634 + -0.05671352652104412i, 0.03014842943073419 + 0.2179036862105195i, -0.1942359141067188 + 0.161148583407746i, -0.1760882146995516 + -0.1742602403151027i, 0.01225873668425682 + 0.05031643591682494i, -0.04983167702051572 + 0.01472408041773527i, -0.01208852456762915 + -0.0502459049900045i, 0.04968196574636324 + -0.01456667340643815i, 0.01959366982940489 + 0.048079179379672i, -0.04678391006091247 + 0.02240801897081174i, 0.05943972938720921 + -0.031007278266441i, 0.02939553934617773 + 0.05982569727571437i, -0.05946441944161369 + 0.03056107913969578i, -0.02955286386433732 + -0.05946220467476665i, 0.0543459823086553 + -0.03933586184311972i, 0.03857750194070852 + 0.05431000813613583i, -0.1898419178185421 + 0.1232636231221288i, -0.1458666320889924 + -0.1999431557161512i, 0.1857747372741181 + -0.1618689640394226i, 0.03014842943072509 + 0.2179036862105208i, 0.7790802762543482 + -0.08316175346564221i, -0.1760006002565157 + -0.1772655374349746i, 0.156254979945916 + -0.1889661364176317i, -0.04852170484251062 + 0.01652408353830384i, -0.01891171457950062 + -0.04782631509523622i, 0.04846719043700683 + -0.01635006160872352i, 0.01874333065146392 + 0.04769261298051166i, -0.04566904452619614 + 0.02355766714593906i, -0.0262178502066885 + -0.04414384245607772i, 0.0358117632181675 + 0.05586161009121442i, -0.05638430084751837 + 0.03425692171433818i, -0.0353740670610052 + -0.05592531558188924i, 0.05601208085173189 + -0.03437994749180426i, 0.04357290198635063 + 0.05010528531864076i, -0.05013672650526185 + 0.04282211779186999i, -0.1377702281996598 + -0.1860262004546559i, 0.02990674829824514 + 0.1644276160516084i, -0.1605178187589879 + 0.04379971164127813i, -0.1942359141067575 + 0.1611485834071027i, -0.176000600255869 + -0.1772655374350658i, -0.6522338210939688 + -0.2420115885821339i, 0.3844604208200107 + 0.2983014462879722i, -0.01992080404129905 + -0.04848920354209437i, 0.04762911382727108 + -0.02231424424145051i, 0.01973973825337641 + 0.04844450938883246i, -0.04750323303255392 + 0.02213394996097706i, -0.02692089228890446 + -0.04513466734003723i, 0.04341038389173146 + -0.0295403202547055i, -0.05476764248311593 + 0.04007081498190133i, -0.03851658701227388 + -0.05539903607531083i, 0.05486021616433289 + -0.03962804068862397i, 0.03861874201163726 + 0.05501134580972632i, -0.04840337494800921 + 0.0476308242190334i, -0.04686643123432492 + -0.04848271805346049i, 0.1684868394150228 + -0.1524613985130811i, -0.1577526192745251 + 0.04501593548844748i, -0.05821202131295246 + -0.1525981719349644i, -0.1760882147017274 + -0.174260240318777i, 0.1562549799493427 + -0.1889661364200872i, 0.3844604208216884 + 0.2983014462916173i, 0.6965189778293255 + 0.09498552323241623i, 0.04545398685881772 + -0.02411982260158366i, 0.02637528312986916 + 0.04438378424395673i, -0.04542772530037059 + 0.02393864772158078i, -0.02618706035105856 + -0.04427813872606038i, 0.04150433025032702 + -0.03063573569895756i, 0.03302891569009073 + 0.03956819563569056i, -0.04440734083193117 + -0.04965098437786718i, 0.05041713423007163 + -0.04294971579005302i, 0.04398369810426924 + 0.04978396607407171i, -0.05002858982329725 + 0.04301225442413158i, -0.05118101309744048 + -0.04270736822959134i, 0.04285833091920399 + -0.05044191526548649i, 0.1092861267650761 + 0.219794185230687i, -0.01227217769564427 + -0.05048925746305913i, 0.04902314073073976 + -0.01651301312744415i, 0.01225873668413963 + 0.05031643591674376i, -0.04852170484244094 + 0.01652408353818087i, -0.01992080404144728 + -0.0484892035419712i, 0.04545398685769864 + -0.02411982260088247i, -0.6364738355101732 + -0.3977464003300435i, 0.2918811640554176 + 0.3433365894800138i, -0.1459233022501413 + 0.1488336990382682i, -0.1560997439848117 + -0.1386930976717742i, -0.03054197361790751 + 0.1619118196889769i, -0.1633041472396331 + -0.0208089525515198i, -0.01470272003529345 + -0.04970297921109885i, 0.0497565639949616 + -0.01342251625023548i, 0.01436050557989408 + 0.04965549802349423i, -0.04950414452511558 + 0.01359585150659843i, -0.0217782055269817 + -0.04707452665964943i, 0.04693465006227422 + -0.02120814094187939i, -0.2149752280529331 + 0.1201765070588523i, 0.0500042228300734 + -0.0147459268148252i, 0.01892492326258458 + 0.0483293776463417i, -0.04983167702041701 + 0.01472408041765221i, -0.01891171457940918 + -0.04782631509514657i, 0.04762911382712847 + -0.02231424424163257i, 0.02637528312914932 + 0.04438378424284879i, 0.2918811640554098 + 0.3433365894800218i, 0.6696889259318186 + 0.3365296324576855i, -0.1562297449398926 + -0.1390269937045821i, 0.1314289064234671 + -0.1631611588262698i, -0.1637440947657436 + -0.02276096928716773i, 0.0129393066965368 + -0.1646677175656309i, 0.04909843380148479 + -0.01714364445193934i, 0.01586325462985934 + 0.04921418288698343i, -0.04906743554483353 + 0.01679838475189623i, -0.01602473266521575 + -0.04895281359892467i, 0.04612133853686824 + -0.02410711834653728i, 0.02352903503429455 + 0.04600878724757502i, -0.1084252573940044 + -0.2196462563579582i, 0.01210144120010255 + 0.05041840221365187i, -0.04896754114592317 + 0.01633757491795672i, -0.01208852456757477 + -0.05024590498992501i, 0.04846719043693351 + -0.01635006160866176i, 0.0197397382535789 + 0.04844450938872186i, -0.04542772529926169 + 0.02393864772093666i, -0.145923302250142 + 0.148833699038248i, 