% Matlab m-File from Maxwell project
f = zeros(1,1);
S = zeros(1,361);

f(1) = 3700000000;

S = [
0.09453005406738761 + 0.03562391330681246i, -0.2267661814804005 + -0.06359552831975462i, 0.04051382267620489 + -0.2218088514207473i, 0.2313330316688777 + 0.03801736023868654i, -0.0187541768449997 + 0.2246720789625241i, -0.2335426972482488 + 0.02570248265011896i, -0.04150196970616102 + -0.2244988671412881i, 0.2401024620778612 + 0.07071582408188029i, -0.05112269962936099 + 0.2415569494259418i, -0.2459721469782432 + -0.04505519201083176i, 0.02563446591874749 + -0.2468947907721803i, 0.2489077079705277 + -0.02078446864194019i, 0.040944184099559 + 0.2454636027071334i, -0.2204244836968796 + -0.04054567276891514i, 0.03594586325865583 + -0.2188984399560107i, 0.2227009220858171 + 0.01832900834142771i, -0.01166012026727251 + 0.2217237021190529i, -0.2201326767526487 + 0.04068826535044815i, -0.04743137365184597 + -0.2174050522982369i, -0.2267661814804025 + -0.0635955283196698i, -0.3977723981427772 + 0.5679115719003209i, 0.3803712392307149 + -0.3023348007057842i, 0.1680470746672921 + 0.1950377177753231i, -0.1741196223972275 + 0.1760115358108488i, 0.1520864817226515 + -0.0760906472997868i, 0.08454521899373384 + 0.141979832938949i, -0.05129837898583613 + 0.01497569783370252i, -0.01866417235741208 + -0.04930072606879662i, 0.04939455616411882 + -0.02026352231636659i, 0.02385969858131872 + 0.0473212110547021i, -0.04233098058700552 + 0.03243301697044832i, -0.0356585147478011 + -0.03938775116609152i, 0.0372213289010133 + 0.05612485768097762i, -0.05483516153190184 + 0.03789761802097353i, -0.04250049249984959 + -0.05198185822609218i, 0.05037915228111518 + -0.04373871303037542i, 0.05472679406485435 + 0.0391132181714438i, -0.03711651226650525 + 0.05561586254376596i, 0.04051382267617893 + -0.2218088514206799i, 0.3803712392307074 + -0.3023348007058033i, 0.256891651200743 + -0.6620974791370552i, -0.1710208327496085 + 0.1774901577169171i, -0.1832273964324238 + -0.1503739680368674i, 0.08602200435373325 + 0.1382315290617799i, -0.127847416639238 + 0.09318521840582086i, -0.01882505035000558 + -0.04757309134897218i, 0.04534169393848737 + -0.02216400482502473i, 0.02369693631890426 + 0.04528930754715124i, -0.0429939402117432 + 0.02694119328772997i, -0.03467133315854593 + -0.03747661964700001i, 0.03438489073921745 + -0.03748509178265685i, -0.05020126203166005 + 0.04045913460902397i, -0.04098944864708077 + -0.04891186092457678i, 0.0457837088581077 + -0.04512419235583526i, 0.0461624201540507 + 0.04414609269889008i, -0.03243219589561299 + 0.0556379434462008i, -0.05630839520682264 + -0.03044995492964174i, 0.2313330316688332 + 0.03801736023867404i, 0.1680470746672997 + 0.1950377177753113i, -0.1710208327496063 + 0.1774901577169025i, 0.1620227317019024 + 0.756902767460516i, 0.1969027731223609 + -0.09750241380405228i, 0.2269511024416311 + 0.1177285383205692i, -0.09796468735296444 + 0.2283021330864221i, 0.04910731588376323 + -0.02044903915868324i, 0.02387885368426786 + 0.04672592939068751i, -0.04664313989718794 + 0.02547146444269869i, -0.02880165269605266 + -0.04419700276691244i, 0.03831853715258141 + -0.03673565310876508i, 0.03960359339343618 + 0.03505248813775652i, -0.04298760208831015 + -0.0514396320810642i, 0.05008941759299873 + -0.04351506705499873i, 0.04775558091088616 + 0.04676109113972969i, -0.04503949827438828 + 0.04880461871309992i, -0.05843853300603971 + -0.03268704525584883i, 0.03061399020962998 + -0.05909887535278662i, -0.0187541768448536 + 0.2246720789626046i, -0.174119622397253 + 0.1760115358108377i, -0.1832273964324105 + -0.1503739680368994i, 0.1969027731223919 + -0.09750241380402354i, -0.2887904122590153 + -0.7363788084300212i, -0.09550348950770767 + 0.2265671459351427i, -0.2263508949533855 + -0.07645378141242711i, 0.02335862272416023 + 0.04551236975468496i, -0.04296719247248266 + 0.02646446358291876i, -0.02798487059301292 + -0.04276603553225385i, 0.04016640450957307 + -0.0309902541841652i, 0.03814654940470907 + 0.03392434349990525i, -0.03057406277629558 + 0.04064610311549614i, 0.04602462642656244 + -0.04514331870934202i, 0.0455457120314728 + 0.0446899218473155i, -0.04117497473704516 + 0.0493563052265044i, -0.05023029798778046 + -0.03944436626108676i, 0.02686609340551591 + -0.05852111100723152i, 0.05899560792535213 + 0.02482828442183351i, -0.2335426972482619 + 0.02570248265018234i, 0.1520864817226533 + -0.07609064729978769i, 0.08602200435374804 + 0.1382315290617978i, 0.2269511024415975 + 0.1177285383205754i, -0.09550348950768629 + 0.2265671459351474i, 0.1162375225636188 + 0.6839662342742294i, 0.07291095272240677 + -0.4829359337642651i, -0.04188382111411887 + 0.03298368601313274i, -0.03565189134271996 + -0.0386601210776241i, 0.03815063371175481 + -0.0371667867679837i, 0.0397213651421898 + 0.03489130712083555i, -0.02707722200437752 + 0.0457938477818226i, -0.04768109736470826 + -0.02315117940808522i, 0.05536755184584638 + 0.03805567082541989i, -0.03661013738388999 + 0.05551247859904136i, -0.05870777096323222 + -0.03225375688792355i, 0.03030907553426026 + -0.05925596001772981i, 0.065223002894611 + 0.01578762115743809i, -0.01360854337066451 + 0.06530121334983931i, -0.0415019697062261 + -0.2244988671413117i, 0.08454521899373749 + 0.1419798329389596i, -0.1278474166392606 + 0.09318521840584075i, -0.09796468735298641 + 0.2283021330863963i, -0.2263508949534007 + -0.07645378141241017i, 0.07291095272240868 + -0.4829359337643002i, -0.2427207596362621 + -0.6618465835824754i, -0.03494028504531566 + -0.03824583097379881i, 0.03493217594270432 + -0.0372969775900481i, 0.03872885499460301 + 0.03433079693143511i, -0.030990689871013 + 0.04097290084805552i, -0.04630250318462015 + -0.02298663212320253i, 0.01904782926726565 + -0.04785247202888934i, -0.03294555698070301 + 0.05636038082936901i, -0.0563981197181832 + -0.03153440010657606i, 0.02708561902373721 + -0.05918512984883186i, 0.05957820251638647 + 0.02516208748857892i, -0.01066544247973381 + 0.06432904759227706i, -0.0642500117992944 + -0.008548151704165431i, 0.2401024620778964 + 0.07071582408200133i, -0.05129837898583246 + 0.0149756978336548i, -0.01882505034996859 + -0.0475730913489952i, 0.04910731588378069 + -0.02044903915865198i, 0.0233586227241013 + 0.04551236975465305i, -0.04188382111412024 + 0.03298368601309593i, -0.03494028504527849 + -0.03824583097379564i, -0.3857870635041528 + 0.6470650044272456i, 0.3201808973233223 + -0.3053109310421375i, 0.1654597745100323 + 0.1209656065837397i, -0.1069621891627034 + 0.1730662198266874i, 0.1703452682216431 + -0.006774287191447022i, 0.02062335062634693 + 0.1685959880729687i, -0.04766009673159005 + 0.02188352459608732i, -0.02255903867724075 + -0.04674921511634004i, 0.04510782867936929 + -0.02644373521737726i, 0.02758925139664968 + 0.04402374355473792i, -0.03667823056474675 + 0.03739887586601524i, -0.03832317402999425 + -0.03524899695575274i, -0.05112269962942046 + 0.241556949426056i, -0.01866417235737683 + -0.04930072606881264i, 0.04534169393852763 + -0.02216400482500294i, 0.0238788536842521 + 0.04672592939072127i, -0.04296719247246906 + 0.02646446358287314i, -0.03565189134270093 + -0.03866012107764001i, 0.03493217594271329 + -0.03729697759002819i, 0.3201808973233328 + -0.3053109310421164i, 0.2717721726661777 + -0.7071337819949236i, -0.1062687138133706 + 0.1720046905247371i, -0.178410813451784 + -0.09191327985937753i, 0.01973305264776503 + 0.1670077173028771i, -0.1642247154346619 + 0.03321880844050373i, -0.02517856363796411 + -0.04519257928397337i, 0.04424493182935595 + -0.02577301059208685i, 0.02946750298752881 + 0.04233261824245611i, -0.04117856841493719 + 0.03051088740445581i, -0.03959461576521908 + -0.03320185487022501i, 0.03172534015664063 + -0.04039395771674394i, -0.2459721469782872 + -0.04505519201087968i, 0.04939455616413065 + -0.02026352231633539i, 0.02369693631888784 + 0.04528930754716605i, -0.0466431398971987 + 0.02547146444268022i, -0.02798487059296884 + -0.04276603553227445i, 0.03815063371177271 + -0.03716678676795442i, 0.03872885499457617 + 0.03433079693145695i, 0.1654597745100395 + 