% Matlab m-File from Maxwell project
f = zeros(1,1);
S = zeros(1,361);

f(1) = 3700000000;

S = [
0.08227927819487842 + 0.04257730126342116i, -0.09026442671946369 + -0.2097180031520314i, 0.2054366822704535 + -0.1034563393556969i, 0.07758968029437346 + 0.2144097315689909i, -0.2104282443348057 + 0.09127241411492305i, -0.09917296541426686 + -0.2066886829403808i, 0.1999748680041267 + -0.1144358936041889i, 0.09572196158192324 + 0.2262044075496099i, -0.225983262051774 + 0.101221783543505i, -0.08485341458352434 + -0.2280057515395589i, 0.2268704446935416 + -0.09125828884953699i, 0.1066941900657342 + 0.2216590970460224i, -0.219342519672465 + 0.1153916884455583i, -0.1054699679167774 + -0.2043746368527036i, 0.2086157512470009 + -0.09408051551298723i, 0.09320627645936673 + 0.2081730030529315i, -0.2111020342129854 + 0.08369248945799257i, -0.1126759292362309 + -0.200028321631926i, 0.202907834107826 + -0.1040608738705981i, -0.09026442671986366 + -0.2097180031519626i, -0.4649292264289357 + -0.5373060550029409i, 0.1745903803226342 + 0.4491405203483529i, -0.2315749356513026 + 0.06809888610267069i, -0.08281422094001628 + -0.2282540348162274i, -0.03209769955532157 + 0.1566053905242308i, -0.1593141788782906 + -0.02079027702236954i, -0.004323216053270356 + -0.05127504758697813i, 0.051589296540218 + -0.005432686242306827i, 0.002041812565673464 + 0.05092569663931738i, -0.05111688755827923 + 0.003391039046633927i, -0.006803971376504384 + -0.05108480693712272i, 0.05119014686942219 + -0.008686632391691655i, -0.06217673761972888 + 0.02388612846750451i, -0.02047298278696577 + -0.06303674753820938i, 0.062881590274785 + -0.02023533981418894i, 0.017403730795909 + 0.06342331814326324i, -0.06115388215697292 + 0.0260982812747776i, -0.02352696487884107 + -0.06170983363275099i, 0.2054366822699051 + -0.1034563393550872i, 0.174590380322797 + 0.4491405203481867i, 0.5194915091267874 + 0.4806877615152303i, -0.08248827380986815 + -0.2287570977801342i, 0.2245274837509753 + -0.09708542314037548i, -0.1594267075212225 + -0.02280579046427458i, 0.01127099616066023 + -0.1614667877162793i, 0.05130164925376188 + -0.007448868972494317i, 0.008583580055156203 + 0.05155055770493815i, -0.0510883257781798 + 0.005133516904102986i, -0.006501888213067381 + -0.05119898316946379i, 0.05096029165446193 + -0.009932055833318741i, 0.01183166611464097 + 0.05095235100265381i, -0.02778108322390793 + -0.06108133129577339i, 0.06215261676272599 + -0.02440077822094287i, 0.0241524153812608 + 0.06201096153862963i, -0.0627270025277083 + 0.02133766318775945i, -0.02994379784669365 + -0.05991892718646121i, 0.06063352794245203 + -0.02739166105140961i, 0.07758968029443517 + 0.2144097315690632i, -0.2315749356512163 + 0.06809888610266296i, -0.08248827380968583 + -0.2287570977802042i, -0.7237000035817907 + -0.3182804201470801i, -0.03592817950976648 + 0.2104199497146022i, -0.2293778322001885 + 0.07770574069023639i, -0.0945665818483607 + -0.2242789664858678i, 0.001278822460203484 + 0.05137309584845056i, -0.05175196549890471 + 0.002366307587005927i, 0.0009749208129231352 + -0.05088995364234868i, 0.05116031643559898 + -0.000358858622545699i, 0.003763202825256767 + 0.05133008894526894i, -0.05154639834660402 + 0.005633853134978949i, 0.06339775964288286 + -0.02013718167016293i, 0.01668368160342098 + 0.06405335998542008i, -0.06388463111822498 + 0.01645594075727302i, -0.01360100610815029 + -0.06425730462126586i, 0.06250881745891146 + -0.0224030048343092i, 0.01980672237671176 + 0.0629110580403647i, -0.2104282443348713 + 0.09127241411496037i, -0.08281422094001496 + -0.2282540348161491i, 0.2245274837510636 + -0.09708542314021412i, -0.03592817950976292 + 0.2104199497146008i, 0.7550151514592302 + 0.2259968455657957i, -0.09232247380493741 + -0.2254489796177002i, 0.2192781361257208 + -0.1089327515546854i, -0.05149883278128289 + 0.004487990660151754i, -0.005603455238612557 + -0.05181139332632703i, 0.05115432012755104 + -0.002195099542761363i, 0.003551076230656309 + 0.05134257882434647i, -0.05130070725910241 + 0.006979626401757305i, -0.008871250255549908 + -0.05140121262198028i, 0.02417174212242252 + 0.06239543194912184i, -0.06326904366660299 + 0.02074531656616844i, -0.02050614141214677 + -0.06311384368587751i, 0.06366606533274587 + -0.01766302989767589i, 0.02639118687496956 + 0.06136161840514644i, -0.06192739370175199 + 0.02380960622209127i, -0.09917296541399839 + -0.2066886829405706i, -0.03209769955547349 + 0.1566053905242354i, -0.1594267075213964 + -0.02280579046425979i, -0.2293778322001056 + 0.07770574069023509i, -0.09232247380493527 + -0.2254489796176276i, -0.5055153136274326 + -0.4993796425224483i, 0.2130401837629374 + 0.4302075469263568i, -0.006443844789347024 + -0.05126348371812083i, 0.05153316794722956 + -0.007569818883564125i, 0.004140699823451951 + 0.05100673259083845i, -0.05114310991079321 + 0.005502150842742593i, -0.008924818006572497 + -0.05097070549912795i, 0.05099903772104624 + -0.0108179039171535i, -0.06139674176618561 + 0.02651800195838492i, -0.02312913606108473 + -0.06239976519468152i, 0.06225386895922136 + -0.02288434887488824i, 0.02006582640851897 + 0.06291368726733326i, -0.06027968794150516 + 0.02869529506938201i, -0.02613849256198128 + -0.06094308185429512i, 0.1999748680048578 + -0.1144358936052045i, -0.1593141788784945 + -0.02079027702230571i, 0.01127099616039994 + -0.1614667877166272i, -0.09456658184816245 + -0.2242789664859991i, 0.2192781361258719 + -0.1089327515544914i, 0.213040183762762 + 0.4302075469265899i, 0.5681266507452015 + 0.4236616888275009i, 0.05091795334044544 + -0.01018587531865134i, 0.01133415350734086 + 0.05110643182416923i, -0.05082801300331805 + 0.007858544192201868i, -0.009233173154532823 + -0.05086574706302491i, 0.05044411968585365 + -0.01265151318477952i, 0.01455119731603966 + 0.0503349025940312i, -0.03104479346966984 + -0.05961622152522021i, 0.06086800213296196 + -0.02772071731177518i, 0.02746473737784274 + 0.06073955083708121i, -0.06160584257732362 + 0.02468742285291712i, -0.03314610272906188 + -0.05833821201024297i, 0.05918906228375179 + -0.03063139555660295i, 0.0957219615818264 + 0.2262044075495119i, -0.004323216053192257 + -0.05127504758687693i, 0.05130164925394318 + -0.00744886897245666i, 0.001278822460204118 + 0.05137309584840084i, -0.05149883278123854 + 0.004487990660151508i, -0.006443844789417202 + -0.05126348371812391i, 0.05091795334010185 + -0.01018587531864425i, -0.5579987594326569 + -0.518253175295234i, 0.2014036684073007 + 0.3862398572744706i, -0.1691799182824945 + 0.1099172527661542i, -0.1148954638468179 + -0.1671025185188617i, -0.08490645692718375 + 0.1433760059419468i, -0.1474096584492532 + -0.08033485268170089i, -0.008785359900587429 + -0.05150544356458292i, 0.051640671989899 + -0.006027573376581687i, 0.005868720704159402 + 0.05148469368329731i, -0.05146478022868414 + 0.003607290653856046i, -0.01064453456204227 + -0.05105978861274275i, 0.05109094744133437 + -0.008581113330746508i, -0.2259832620517171 + 0.1012217835434607i, 0.05158929654013238 + -0.005432686242230951i, 0.008583580055128401 + 0.05155055770513439i, -0.0517519654988688 + 0.002366307587009721i, -0.005603455238616395 + -0.05181139332629633i, 0.05153316794724427 + -0.007569818883640792i, 0.01133415350733308 + 0.05110643182383714i, 0.2014036684073502 + 0.3862398572745621i, 0.5728991333212627 + 0.4979783920472869i, -0.1143332674261664 + -0.1682107545304881i, 0.166012547666489 + -0.1193072241901368i, -0.1462888751428536 + -0.08257010265844547i, 0.07787780389219612 + -0.1502585062749661i, 0.05172793273901098 + -0.009934899069525799i, 0.007158170529358065 + 0.05192206480344598i, -0.05176818617648835 + 0.006994792265113053i, -0.004715086277732957 + -0.05179554172956321i, 0.05123976824657874 + -0.01179940928401815i, 0.00972034685183008 + 0.0513144467945508i, -0.08485341458342766 + -0.2280057515394572i, 0.00204181256559867 + 0.0509256966392149i, -0.05108832577835692 + 0.005133516904057715i, 0.0009749208129215902 + -0.0508899536422999i, 0.05115432012750684 + -0.00219509954276256i, 0.004140699823520116 + 0.05100673259084465i, 