% Matlab m-File from Maxwell project
f = zeros(1,1);
S = zeros(1,361);

f(1) = 3700000000;

S = [
0.10457178928023 + 0.01926013772215835i, -0.1484629543481714 + -0.1694611125409148i, 0.1726557609804012 + -0.1415845416656344i, 0.1445521972299862 + 0.1718217001230555i, -0.1738744680198653 + 0.1399896755238848i, -0.1724443755143189 + -0.1468932533297135i, 0.1493521751823626 + -0.1681075995300913i, 0.1460030011247329 + 0.1971784718928686i, -0.1909873806868079 + 0.1551663387320694i, -0.144316812499135 + -0.1961751040586748i, 0.1866000900531518 + -0.1552530276069384i, 0.1721583045249687 + 0.1744462047034063i, -0.1635865123580342 + 0.1815277260484599i, -0.1154314820871162 + -0.2033777532488196i, 0.1921035295012984 + -0.1326693581246566i, 0.1140740386298398 + 0.2040544323986706i, -0.1911235080465939 + 0.1306613193669179i, -0.1443962278012973 + -0.1869308273268866i, 0.1697317640416963 + -0.1585500906706046i, -0.1484629543482713 + -0.1694611125408619i, -0.6624634460864987 + -0.314949318420218i, 0.3014035094864712 + 0.3445321759760652i, -0.1616102090934653 + 0.1756157710078544i, -0.1710830914855669 + -0.1643909418621069i, 0.04511524743164404 + 0.1481612523784619i, -0.1479777449208151 + 0.04171167066387262i, -0.03004389223887142 + -0.04095466078475617i, 0.03968142325737695 + -0.03194660201679798i, 0.0296957898329613 + 0.04074536326532897i, -0.03877321468176258 + 0.03196864016865777i, -0.03547954288041754 + -0.03627271930279463i, 0.03403317384160922 + -0.03742922029989997i, -0.04975319457526863 + 0.04205470951582876i, -0.04619510302241883 + -0.04578063245658001i, 0.05000820878934249 + -0.04171780557163721i, 0.04559494337788805 + 0.04561547622690605i, -0.04376180718833834 + 0.04914010000022034i, -0.05213167047421395 + -0.0383255030164715i, 0.1726557609803537 + -0.1415845416657381i, 0.3014035094864693 + 0.3445321759760667i, 0.6468835665075461 + 0.3522477424192278i, -0.1687343301000159 + -0.1657563314158768i, 0.1683643350207737 + -0.164154657712912i, -0.148218269928298 + 0.03990194590619652i, -0.03653647210908686 + -0.147926533700337i, 0.04153817882633689 + -0.02843671409057236i, 0.0303625734886565 + 0.04033845042209312i, -0.04131961324047268 + 0.02809866434159931i, -0.03041374590675475 + -0.03943953919859297i, 0.03707611210560692 + -0.03397224641951672i, 0.03597584915204406 + 0.03492072776287111i, -0.04004972765779895 + -0.05064158767259061i, 0.04684034707796538 + -0.04427932820122174i, 0.03970776942967964 + 0.05088330646158629i, -0.04665736199379285 + 0.04369017779660725i, -0.04726171061446414 + -0.04493575344360258i, 0.03964749120256102 + -0.05040063889058764i, 0.1445521972300802 + 0.1718217001230011i, -0.1616102090934805 + 0.1756157710078648i, -0.1687343301000251 + -0.1657563314158859i, -0.7967536124294798 + 0.07895636209027904i, 0.05656877406306332 + 0.1935244052700222i, -0.1351613620089506 + 0.1984747013850677i, -0.1941843768793998 + -0.1382469306427258i, 0.02911952216686214 + 0.04140865897083531i, -0.04017793063513409 + 0.03104087763404882i, -0.02877683605065488 + -0.04119315865852512i, 0.03927339398556321 + -0.03108096611017292i, 0.03462928998340464 + 0.03685187365097445i, -0.03465921263207676 + 0.03661673423198487i, 0.0504156789213611 + -0.04091199855105993i, 0.04511696119519455 + 0.04653989348616333i, -0.05066306110621133 + 0.04057120257190196i, -0.04452223293204803 + -0.04636334491153488i, 0.04458703419226788 + -0.04809178069314177i, 0.05118122439156756 + 0.03922978151165391i, -0.1738744680198188 + 0.1399896755239824i, -0.1710830914855755 + -0.1643909418621152i, 0.168364335020781 + -0.1641546577129146i, 0.05656877406306157 + 0.1935244052700176i, 0.8017031022075666 + -0.04514932573210554i, -0.19436982776747 + -0.1385930096809554i, 0.1415678416299862 + -0.1900394746555095i, -0.0417808267823248 + 0.02805475584306152i, -0.02999079887741926 + -0.04059877068364359i, 0.04155929265234319 + -0.02771877418499794i, 0.03005003145766078 + 0.03970059774168359i, -0.03736986889019907 + 0.03362866591475123i, -0.03565101385357443 + -0.0352331503889515i, 0.03958241198325487 + 0.05098579846249614i, -0.04722372880802548 + 0.04384486039041295i, -0.03923838742462273 + -0.05122437053139023i, 0.04703550704757741 + -0.04325753545452929i, 0.04684343506524674 + 0.04534651638918053i, -0.04008808446482912 + 0.05002890700121161i, -0.1724443755144108 + -0.1468932533296412i, 0.04511524743165466 + 0.1481612523784597i, -0.1482182699282939 + 0.03990194590620377i, -0.1351613620089438 + 0.1984747013850577i, -0.1943698277674636 + -0.1385930096809558i, -0.7220055077715438 + -0.1002797944483527i, 0.3971339942890314 + 0.2370892434362474i, -0.03586998258258532 + -0.03635303530941991i, 0.0348084862982941 + -0.03757680985250855i, 0.03549311800052687 + 0.03619567529950429i, -0.03390178316310799 + 0.03746606860652756i, -0.0405934547556002 + -0.03090144604757267i, 0.02838875470260995 + -0.04220585398233572i, -0.04335137263421005 + 0.04910354926559044i, -0.05264212487353091 + -0.0387946749207622i, 0.04365427286454118 + -0.04880564822751422i, 0.05202096201363619 + 0.03871804458526738i, -0.03635616676193639 + 0.05527690897944097i, -0.05745882430723633 + -0.03051115192201578i, 0.1493521751823026 + -0.1681075995301874i, -0.1479777449208074 + 0.04171167066388164i, -0.03653647210909228 + -0.1479265337003367i, -0.1941843768793819 + -0.1382469306427233i, 0.1415678416299868 + -0.1900394746555041i, 0.3971339942890361 + 0.2370892434362474i, 0.7208065383844737 + 0.1245039538601569i, 0.03682082618697221 + -0.03484800649583753i, 0.03657391064783462 + 0.03532320855667737i, -0.03665685917958786 + 0.03447723541424813i, -0.03648275237756484 + -0.03442104750816293i, 0.03150798497009621 + -0.03964861393618128i, 0.04130082052358099 + 0.02904756735359199i, -0.04783714932212885 + -0.04404007127089503i, 0.03959087769032938 + -0.05144328402359756i, 0.04753522966965879 + 0.04433452925154158i, -0.03950198053399776 + 0.05082838613439754i, -0.05410863793332248 + -0.03722522487318895i, 0.03146936894033984 + -0.05639497417131065i, 0.1460030011246195 + 0.1971784718925606i, -0.03004389223892597 + -0.04095466078471963i, 0.04153817882630211 + -0.02843671409062671i, 0.02911952216691828 + 0.04140865897080195i, -0.0417808267822913 + 0.02805475584311734i, -0.0358699825826349 + -0.03635303530937618i, 0.03682082618692819 + -0.03484800649588651i, -0.6856836111492668 + -0.3683011194065017i, 0.2810616635923775 + 0.2977287220914149i, -0.108764948682997 + 0.1494085174362493i, -0.1551207424880668 + -0.09932940134534059i, -0.04523677647057768 + 0.175935007445967i, -0.1777495944598884 + -0.03476208314008766i, -0.02339013745513494 + -0.04804926046781089i, 0.04572683399277235 + -0.0274842070829038i, 0.02307077135321652 + 0.04818400894523772i, -0.04547435937429472 + 0.02704037860264988i, -0.0302333286114043 + -0.04471640462623059i, 0.04099822293232829 + -0.03370956817632952i, -0.1909873806864546 + 0.1551663387319095i, 0.03968142325732681 + -0.03194660201686297i, 0.03036257348872196 + 0.04033845042204497i, -0.04017793063508733 + 0.03104087763411573i, -0.02999079887748638 + -0.04059877068359662i, 0.03480848629823514 + -0.03757680985256659i, 0.0365739106478926 + 0.03532320855661777i, 0.2810616635923922 + 0.2977287220914107i, 0.714276304598979 + 0.3070426591540838i, -0.1545970811165738 + -0.1022484739237965i, 0.0925373371863589 + -0.1598955230011869i, -0.1783144106184319 + -0.03740216420142036i, 0.02682537636120046 + -0.1796608363806726i, 0.04708945608161785 + -0.02559938189158264i, 0.02959683490541572 + 0.04457814842043281i, -0.04723884829980925 + 0.02528546232926966i, -0.02914077353061471 + -0.04434516885251214i, 0.04344195577397297 + -0.03230580422481246i, 0.03562137199841033 + 0.03955999900782631i, -0.1443168124991699 + -0.1961751040585572i, 0.02969578983297193 + 0.040745363265344i, -0.04131961324048773 + 0.02809866434160849i, -0.02877683605066657 + -0.04119315865854184i, 0.04155929265235861 + -0.02771877418500853i, 0.03549311800054031 + 0.03619567529951787i, -0.03665685917960017 + 0.03447723541425971i, -0.1087649486830297 + 0.149408517436212i, 