% Matlab m-File from Maxwell project
f = zeros(1,1);
S = zeros(1,361);

f(1) = 3700000000;

S = [
0.09489808214858528 + 0.03982799107011161i, -0.1208506094707999 + -0.1931913836762i, 0.1988985294895272 + -0.1048532628877033i, 0.09908644378451119 + 0.204055741107885i, -0.2092432749580311 + 0.08352247518826253i, -0.1105404313169387 + -0.1990351353198299i, 0.2045830387778816 + -0.09749803377699548i, 0.1102022385395146 + 0.2173510670564535i, -0.219315970003939 + 0.109630377795897i, -0.08617579442854149 + -0.2264706977097613i, 0.2273435470264433 + -0.08837395803785252i, 0.0980086642206458 + 0.2230447100918092i, -0.2229029795252898 + 0.1013104663674102i, -0.1000812110720885 + -0.2100953882959078i, 0.2065258876267097 + -0.108656004494145i, 0.07729841985105104 + 0.2175900091496957i, -0.2155439238090744 + 0.08650579819697296i, -0.08832757562163816 + -0.2150577910421022i, 0.2115216708836072 + -0.09912348057680795i, -0.1208506094707963 + -0.1931913836761869i, -0.5921304222867049 + -0.3878358065092842i, 0.241233237550678 + 0.4150535417922671i, -0.2137320870511519 + 0.1271382987942469i, -0.1106167936150998 + -0.2208402513410138i, 0.005293786767365781 + 0.161612777277532i, -0.1608882901928737 + -0.004746468451106559i, -0.01477413801612357 + -0.0485572841741719i, 0.04893974680186262 + -0.01458602532091446i, 0.009516862087352236 + 0.04956225842039651i, -0.04982051973565364 + 0.009936328563027752i, -0.01206765694351973 + -0.04928586019366459i, 0.04937576512288283 + -0.01275007770595579i, -0.05878241869855975 + 0.03023325967411791i, -0.03263685443482673 + -0.05769475482198481i, 0.06110741257977834 + -0.0238297854787854i, 0.02642616542244525 + 0.06044679049757974i, -0.06029309302982772 + 0.02693919040393018i, -0.02997367834779299 + -0.05919567825413804i, 0.1988985294895502 + -0.104853262887711i, 0.2412332375507071 + 0.4150535417923172i, 0.540178986207168 + 0.4651244929464917i, -0.1095450333118689 + -0.2195683657609435i, 0.2253600769263041 + -0.09277036857942073i, -0.1594127469118724 + -0.006556059448703571i, 0.01638295356889035 + -0.1579689349042559i, 0.04885602044193303 + -0.01100289320018592i, 0.01078994716495334 + 0.04921867029018388i, -0.04946219605220023 + 0.005756560288338222i, -0.0061505153030456 + -0.04974686232337178i, 0.04937591341610721 + -0.00828667001605733i, 0.008951628773807886 + 0.04951405925497001i, -0.02547033278790917 + -0.060042977769161i, 0.05914769181486228 + -0.02791465613842102i, 0.01900004260874888 + 0.06186461447439754i, -0.06140357314969589 + 0.02160297907231428i, -0.02211898584317769 + -0.06128968188599114i, 0.06043072906458569 + -0.02518481947674133i, 0.0990864437844757 + 0.20405574110783i, -0.2137320870510858 + 0.1271382987941976i, -0.1095450333118209 + -0.2195683657608378i, -0.7684423096142932 + -0.1549982482039783i, -0.01404861080284995 + 0.2177999511005939i, -0.2199484751292552 + 0.1158566438957029i, -0.1014848442811942 + -0.2256893529047554i, 0.009463499636216236 + 0.04963028457371443i, -0.04998884591891237 + 0.009236672978884647i, -0.004153231432020864 + -0.05006636227914937i, 0.05036655166329215 + -0.004540964339899739i, 0.006707295669605509 + 0.05006382788664962i, -0.05022532378585232 + 0.007373181124397402i, 0.0613933890239991 + -0.0236779543171815i, 0.02617252503754446 + 0.0605722493848435i, -0.06301418910067227 + 0.01709295913914493i, -0.01973296690838685 + -0.06263620611432211i, 0.0625385929628999 + -0.02025707345852195i, 0.0233771179777788 + 0.06177483802068122i, -0.2092432749580326 + 0.08352247518825891i, -0.110616793615122 + -0.2208402513410486i, 0.2253600769263001 + -0.09277036857943291i, -0.01404861080284933 + 0.2177999511006551i, 0.7410606223219333 + 0.2644629448631673i, -0.09899540032665086 + -0.2261892143377194i, 0.2308455444153348 + -0.08434700440763833i, -0.04984244010356861 + 0.0058156056893781i, -0.005565198776951872 + -0.05018136584598986i, 0.04989362406740359 + -0.0005239767858648194i, 0.0008865391304088968 + 0.05021879605559889i, -0.05007426342465795 + 0.003054217652746522i, -0.003702263847479743 + -0.05028199157814898i, 0.01905293878409157 + 0.06251429294119436i, -0.06187975471636299 + 0.02158294683653307i, -0.01241360829049324 + -0.06364765465643801i, 0.06346253712461347 + -0.01505590804611519i, 0.01558208839155523 + 0.06340342468539474i, -0.06287058404304526 + 0.0187275765355422i, -0.1105404313169461 + -0.1990351353198269i, 0.005293786767369258 + 0.1616127772775329i, -0.1594127469118893 + -0.006556059448732061i, -0.2199484751292918 + 0.1158566438957171i, -0.09899540032669377 + -0.2261892143377421i, -0.5529281373038467 + -0.4418910165714659i, 0.2027773481806985 + 0.4359969144407599i, -0.01221790907557889 + -0.04921548431228981i, 0.04958731105820326 + -0.01201034838466084i, 0.006920265042990522 + 0.04994503682552567i, -0.05022451068484674 + 0.007325367469522893i, -0.009479672260991941 + -0.0498017953806571i, 0.04992695481873435 + -0.01015588379803137i, -0.06022079206190957 + 0.02711091497050293i, -0.02956560527212666 + -0.05926046505824275i, 0.06220783543132228 + -0.02060107102275934i, 0.02322592385680078 + 0.06168360447320903i, -0.06155690902894748 + 0.02374577836526286i, -0.02683044660835916 + -0.06061963293797728i, 0.2045830387779006 + -0.09749803377700675i, -0.1608882901928772 + -0.004746468451092644i, 0.01638295356890298 + -0.1579689349042536i, -0.101484844281203 + -0.2256893529048173i, 0.2308455444153746 + -0.084347004407646i, 0.2027773481807279 + 0.435996914440797i, 0.4979020073748117 + 0.5055096984098501i, 0.0496514862019445 + -0.009091325583432541i, 0.008862095710426227 + 0.05000804151909909i, -0.05004830038393305 + 0.003783005582017558i, -0.004168167630769742 + -0.05035103537709323i, 0.05006444986580133 + -0.006334617262996944i, 0.006998677202965237 + 0.05023066009308607i, -0.02320600351442373 + -0.06150719747080474i, 0.06070509807029495 + -0.02570416756679983i, 0.01661552213686473 + 0.06307826531886977i, -0.06271995772940316 + 0.01925574119221557i, -0.01978005498817883 + -0.06262627247011195i, 0.06188607716534035 + -0.0229026681593053i, 0.1102022385395108 + 0.2173510670564498i, -0.01477413801612708 + -0.04855728417417125i, 0.04885602044192566 + -0.01100289320018767i, 0.009463499636221852 + 0.0496302845737264i, -0.04984244010356712 + 0.005815605689379676i, -0.01221790907557752 + -0.04921548431228798i, 0.04965148620193761 + -0.00909132558343128i, -0.6099723195545573 + -0.4565486956935978i, 0.236347310704463 + 0.3692291907845639i, -0.1613515185113068 + 0.1179045935278407i, -0.1198432484096926 + -0.1615666770323568i, -0.08413928724015087 + 0.1441939834785544i, -0.1459669994932127 + -0.08273035814392316i, -0.009723923334027386 + -0.05111635957626793i, 0.05083091142671732 + -0.01178094454242587i, 0.004371447534709155 + 0.05144446763011037i, -0.05152438210988575 + 0.006478837765257586i, -0.006900335888190968 + -0.05152268753881214i, 0.05137048665520863 + -0.009435827177686547i, -0.2193159700039346 + 0.1096303777958901i, 0.04893974680186293 + -0.01458602532091622i, 0.01078994716495337 + 0.04921867029017661i, -0.04998884591892455 + 0.009236672978888687i, -0.005565198776952554 + -0.05018136584598798i, 0.04958731105820095 + -0.01201034838465854i, 0.008862095710424029 + 0.05000804151909186i, 0.2363473107044687 + 0.3692291907845698i, 0.6001825950260302 + 0.4663484241431465i, -0.1177013458799656 + -0.1630173338301117i, 0.1632449377610045 + -0.1196506504263909i, -0.1445950377091554 + -0.08548265072144315i, 0.08407526026687817 + -0.1463870090201174i, 0.05148552562642415 + -0.009490164192255558i, 0.01156143379202061 + 0.05121013335753288i, -0.0517849258775557 + 0.004102993079176311i, -0.006222843570045197 + -0.05187742509665785i, 0.05187813922070722 + -0.006646935323532015i, 0.009198843424460153 + 0.05173955712158466i, -0.08617579442852928 + -0.2264706977097414i, 0.009516862087349908 + 0.04956225842039318i, -0.0494621960521897 + 0.00575656028833615i, -0.00415323143202123 + -0.05006636227915918i, 0.04989362406739811 + -0.0005239767858627451i, 0.006920265042986511 + 0.04994503682552169i, -0.05004830038392407 + 