% Matlab m-File from Maxwell project
f = zeros(1,1);
S = zeros(1,361);

f(1) = 3700000000;

S = [
0.0866706114640485 + 0.04074531679977709i, -0.1463567393425107 + -0.1746448216193889i, 0.1710631665384452 + -0.1443249205229333i, 0.1164067941932 + 0.1944992167537959i, -0.1910688868648036 + 0.1178949550623365i, -0.1156433759756088 + -0.1943257924545533i, 0.1905132058516094 + -0.1204015396485698i, 0.1543489850880912 + 0.1920321263111906i, -0.196483261218172 + 0.1479688229562164i, -0.1213423432006138 + -0.2135729243798974i, 0.2163530918334174 + -0.1167560072517768i, 0.1210354275073041 + 0.2144897306958922i, -0.2170205139259264 + 0.1180994224755458i, -0.1595262924975802 + -0.1695619160033972i, 0.1839141687091666 + -0.1398703350792087i, 0.1298150094077544 + 0.1920460918058954i, -0.2017846649012892 + 0.1102091605383789i, -0.1294311049576657 + -0.1930917569907554i, 0.2017163738021102 + -0.1118463964362474i, -0.1463567393425115 + -0.1746448216193713i, -0.6833418951055612 + -0.1816010039657765i, 0.3836576752132088 + 0.2882720004214515i, -0.1744303667653667 + 0.1783590003064131i, -0.1789825371311167 + -0.1703625012183598i, 0.03844614619065011 + 0.1565702763739552i, -0.1549599182411247 + 0.04248387571953005i, -0.0329541678989518 + -0.04038468814849871i, 0.04133634169640883 + -0.03161135003198299i, 0.02600474244806578 + 0.0449937784488335i, -0.04558911345231069 + 0.02503880357780546i, -0.02594155854632348 + -0.04518788316554833i, 0.0457278843139492 + -0.02532437906439536i, -0.03878527460027656 + 0.05439245281173834i, -0.04966449369973568 + -0.04392533217334035i, 0.04677708920459927 + -0.04729007158694865i, 0.04231781193603097 + 0.05061590809786674i, -0.04709287618211498 + 0.04724059130913196i, -0.04277475299219665 + -0.05050499310782183i, 0.1710631665383966 + -0.1443249205228933i, 0.3836576752131731 + 0.2882720004214058i, 0.6948246799589175 + 0.1632663094781496i, -0.1757576478567239 + -0.170748140791596i, 0.1667505469755246 + -0.176356833146509i, -0.1536618683126238 + 0.03827346343852836i, -0.04223417053262638 + -0.1520669640008577i, 0.03955937030255316 + -0.03250013781257321i, 0.03118429231770852 + 0.04049848830016965i, -0.04410920205543723 + 0.0256892707003846i, -0.02474244303387062 + -0.04469710572520441i, 0.04430006268645538 + -0.02562784299804244i, 0.0250233951035095 + 0.04483247849042218i, -0.05355214440796784 + -0.03791846009535729i, 0.04298257545106719 + -0.04892498936340091i, 0.04660207382073254 + 0.04579138776820156i, -0.04957819055833871 + 0.04173071634174408i, -0.04655450305787276 + -0.04610172308330537i, 0.04946775664216113 + -0.04217917358212675i, 0.1164067941931923 + 0.194499216753783i, -0.1744303667653685 + 0.1783590003064085i, -0.1757576478567584 + -0.1707481407916294i, -0.784772303248954 + -0.006880804581088461i, 0.03977854200702762 + 0.2122020357732476i, -0.1988164853869677 + 0.146396961016918i, -0.1511603953981696 + -0.1941659131398614i, 0.02604392125553771 + 0.04483659586288399i, -0.04556102125988519 + 0.02457565615715637i, -0.01849479023015516 + -0.04827529588790337i, 0.04870875137079372 + -0.01745259531838339i, 0.01840230150283308 + 0.04845607517284418i, -0.04888982858681433 + 0.01771138462815904i, 0.04662510884342107 + -0.04735492228943312i, 0.04190484891022393 + 0.05093357443416534i, -0.05336292977923729 + 0.03912540371842418i, -0.03363925873942016 + -0.0563548239491804i, 0.05366539256219742 + -0.03902730852292841i, 0.03410552163919035 + 0.05631747354630307i, -0.1910688868647929 + 0.1178949550623254i, -0.1789825371311056 + -0.1703625012183671i, 0.1667505469755594 + -0.1763568331465421i, 0.03977854200703765 + 0.2122020357732477i, 0.7887214570707039 + -0.01517811064619616i, -0.1476546741917479 + -0.194942629158287i, 0.1902729125825231 + -0.1523099722966983i, -0.04405642243440874 + 0.02639457723668095i, -0.02495013880734588 + -0.04479356553163819i, 0.04756326005133622 + -0.01896411851423815i, 0.01793775361882988 + 0.04800651906904752i, -0.04774354117014706 + 0.01887494232172449i, -0.01819648232185632 + -0.04818238634250403i, 0.04752467261274472 + 0.04554206512056798i, -0.04988216845758105 + 0.04218475078708433i, -0.03946459248872965 + -0.05232542703871727i, 0.05536209982168683 + -0.03407129709768583i, 0.03937149490551313 + 0.05262629696349279i, -0.05531885820598598 + 0.03453257672921211i, -0.1156433759756093 + -0.1943257924545542i, 0.03844614619065569 + 0.1565702763739663i, -0.153661868312646 + 0.03827346343855946i, -0.1988164853869808 + 0.146396961016917i, -0.1476546741917505 + -0.1949426291582976i, -0.596117208461704 + -0.3872013809726776i, 0.2807066257256797 + 0.388401371214377i, -0.02586947331033142 + -0.04479481291050655i, 0.04551383218474937 + -0.02440289813873204i, 0.01832974770110033 + 0.04820639875805615i, -0.04863620963385908 + 0.01728895458068655i, -0.01823702641697155 + -0.04838651588298489i, 0.04881750372396519 + -0.01754667219542895i, -0.04663243956834544 + 0.04712543691950449i, -0.04167757558716533 + -0.05091700437581126i, 0.05333361762905868 + -0.03889867800091423i, 0.03341812423114472 + 0.05630465854574163i, -0.05363511421315845 + 0.03880005997681687i, -0.03388336927298828 + -0.05626856346247221i, 0.1905132058516117 + -0.1204015396485698i, -0.1549599182411355 + 0.0424838757195359i, -0.04223417053265775 + -0.152066964000878i, -0.1511603953981708 + -0.194165913139877i, 0.190272912582536 + -0.1523099722967015i, 0.2807066257256809 + 0.3884013712143786i, 0.6185740621676125 + 0.3527469279471025i, 0.04393699960304878 + -0.02696923401780873i, 0.02552732692074027 + 0.04469250184118945i, -0.04753720811461008 + 0.01954871944459179i, -0.01852328406281173 + -0.04799321002510955i, 0.0477191297971063 + -0.01946115367556235i, 0.01878488219195208 + 0.04816694615696776i, -0.048195027770008 + -0.04520015589666673i, 0.04961422772712327 + -0.04288189108780301i, 0.04017788647946058 + 0.05209603962885768i, -0.05520235738338987 + 0.0347971028656489i, -0.04008768727317447 + -0.0523990457365884i, 0.05515397294810169 + -0.03525964959778782i, 0.154348985088081 + 0.1920321263111821i, -0.03295416789894842 + -0.04038468814850031i, 0.03955937030256426 + -0.03250013781257829i, 0.0260439212555366 + 0.04483659586288533i, -0.04405642243440952 + 0.02639457723668141i, -0.02586947331033117 + -0.04479481291050253i, 0.04393699960304487 + -0.02696923401780801i, -0.7454071768648726 + -0.1237096851202074i, 0.380802259021818 + 0.2306615580403038i, -0.1026626754853428 + 0.1746419947163926i, -0.1725091933837376 + -0.1065376384692446i, -0.02162567578658728 + 0.1652709077723773i, -0.1654479713802247 + -0.02424303691661576i, -0.03414659013224779 + -0.03969508622787717i, 0.04272314003904777 + -0.02958649403166457i, 0.02724580932946754 + 0.04444963115085157i, -0.04644155006421767 + 0.02274314848752283i, -0.02714909034217581 + -0.04468074471048518i, 0.04644259957885173 + -0.02311170311336312i, -0.1964832612181636 + 0.1479688229562209i, 0.04133634169641117 + -0.03161135003198239i, 0.03118429231771593 + 0.04049848830017971i, -0.045561021259888 + 0.02457565615715789i, -0.02495013880734886 + -0.04479356553163984i, 0.04551383218474751 + -0.0244028981387336i, 0.02552732692074161 + 0.0446925018411873i, 0.3808022590218184 + 0.2306615580403013i, 0.7369179286881925 + 0.1692531890639861i, -0.1710337645761827 + -0.1079445156607101i, 0.1117439896015359 + -0.1687834588352651i, -0.1642356495364142 + -0.02678586928471635i, 0.02940320241647342 + -0.1643298794374118i, 0.04068578156146383 + -0.03282294272577831i, 0.02817722123058785 + 0.04356369346800206i, -0.04521274832910678 + 0.02578716046786253i, -0.02123139246558934 + -0.04705855396848152i, 0.04544031994794832 + -0.02568336789188785i, 0.02159912463710891 + 0.04707121177414273i, -0.1213423432006084 + -0.2135729243798878i, 0.02600474244806206 + 0.04499377844883634i, -0.0441092020554499 + 0.02568927070038789i, -0.01849479023015335 + -0.0482752958879062i, 0.04756326005133867 + -0.01896411851423769i, 0.01832974770110004 + 0.04820639875805412i, -0.04753720811460813 + 0.01954871944459099i, -0.1026626754853418 + 0.1746419947163979i, 