% Matlab m-File from Maxwell project
f = zeros(1,1);
S = zeros(1,361);

f(1) = 3700000000;

S = [
0.08697513974839592 + 0.04578380078130993i, -0.2150973646850638 + -0.07443708873090138i, 0.1022520679622069 + -0.2012083978689166i, 0.1936891594616049 + 0.1198722676442583i, -0.1420518052175181 + 0.1742464381629604i, -0.1868527739349396 + -0.1294161284999853i, 0.1501259448562796 + -0.1672180132297791i, 0.2250956134476566 + 0.1042837942510004i, -0.1171621369043804 + 0.2146669081907004i, -0.1968257623708626 + -0.1499925657518478i, 0.1590075788376376 + -0.1862905897883421i, 0.1892070010896222 + 0.1587264112974106i, -0.1664736355116999 + 0.1800815233250729i, -0.2110550949865403 + -0.1047157768384943i, 0.1103623096274558 + -0.1968395511362813i, 0.1813774866044024 + 0.1488066138950976i, -0.1485309984592552 + 0.1707003991451193i, -0.1723581775086231 + -0.1585871561920613i, 0.1566001022901162 + -0.1650219288781165i, -0.2150973646850833 + -0.07443708873087861i, -0.5015812076722875 + 0.5085407348038461i, 0.4528773085001684 + -0.1133092930859016i, 0.06211298824670436 + 0.2426894728770748i, -0.2454437861345621 + 0.02979202592097225i, 0.150548196603953 + 0.0644035340887331i, -0.08185245164784762 + 0.1396755090929245i, -0.05151329139574112 + 0.006783886950377888i, -0.00333643788117355 + -0.05111195686367372i, 0.05163587270505103 + 0.004471789362639597i, -0.007247688120933524 + 0.05078262112369434i, -0.05126706826159184 + -0.006871037402001724i, 0.009264616573463964 + -0.05052109308118447i, 0.01792789769959163 + 0.06638219817993102i, -0.06436703515202548 + 0.01394456132716418i, -0.002551416349052962 + -0.06842219429567392i, 0.06603515868639492 + -0.000546811611862985i, -0.001330602679236244 + 0.06834226908566937i, -0.066354478317305 + -0.002315044978258723i, 0.1022520679621864 + -0.2012083978689371i, 0.4528773085001677 + -0.1133092930859006i, 0.6196336065527728 + -0.3616678166310219i, -0.2468063022711952 + 0.02814398497158669i, 0.003977926865675635 + -0.2451343493048826i, -0.08365364536018832 + 0.1391607040943959i, -0.1261172053390674 + -0.09932112712340133i, 0.0003130910227459045 + -0.05152029129067288i, 0.05065914197062787 + 0.003645162838208636i, -0.0113861404880841 + 0.05011624700898937i, -0.04890213372011941 + -0.01399734152512236i, 0.01369297060952114 + -0.04942901912707413i, 0.04837206433747044 + 0.01594314863278243i, -0.06763534561144369 + 0.008619839479930728i, -0.004979940816699125 + -0.06511635312269164i, 0.06755666017492744 + 0.006760767895413236i, -0.008406593119792484 + 0.06494037450827328i, -0.0669523734720134 + -0.01056324894995627i, 0.01126104220435836 + -0.064866435511179i, 0.1936891594615983 + 0.119872267644229i, 0.06211298824670104 + 0.2426894728770726i, -0.2468063022711927 + 0.02814398497158207i, -0.4616079523561658 + 0.6330520977854411i, 0.1739494569363772 + 0.1265900727496048i, -0.006808618139661095 + 0.2465723269859115i, -0.2410089888903838 + -0.03727521267017152i, 0.05178583471429209 + 0.004678190398409558i, -0.007956219223667403 + 0.05063760593210457i, -0.04943603943437933 + -0.0156951006203194i, 0.01821827917724224 + -0.04799389733016955i, 0.04854954705452629 + 0.01795680527915013i, -0.02013022421215017 + 0.04729602990158387i, -0.002940589834333391 + -0.06874877105138567i, 0.06590723219315497 + 0.0005066058975597829i, -0.01252054098689977 + 0.06736703884948968i, -0.06459653558669053 + -0.01395411969207665i, 0.01629339929786022 + -0.06643729030301804i, 0.06428043098683051 + 0.01681848770011588i, -0.1420518052175171 + 0.1742464381628348i, -0.2454437861345694 + 0.02979202592101228i, 0.00397792686564247 + -0.2451343493048921i, 0.1739494569363692 + 0.1265900727495818i, 0.6124963689351558 + -0.4974848705750306i, -0.2404413239843345 + -0.03815481931895037i, 0.06726077645671748 + -0.2311055949208481i, -0.01119229892529801 + 0.0500833300857004i, -0.04854094241148488 + -0.01425373192147571i, 0.02167401848460077 + -0.04637662831421318i, 0.04464300615378403 + 0.02395917067355672i, -0.0237742421082532 + 0.04522019394483694i, -0.04371584206622784 + -0.02574118855662064i, 0.06765735471707937 + 0.005902546120989796i, -0.008913271761029823 + 0.06443618377694742i, -0.06433045657779414 + -0.02085729244851973i, 0.02190644061785951 + -0.06143597864284561i, 0.06293868899706719 + 0.02443089977281115i, -0.02466931603161897 + 0.06076079059277385i, -0.1868527739349414 + -0.1294161284999284i, 0.150548196603946 + 0.0644035340887214i, -0.08365364536017583 + 0.1391607040943917i, -0.00680861813966364 + 0.2465723269859065i, -0.2404413239843374 + -0.03815481931898957i, -0.6871067306889619 + 0.1775357156320034i, 0.4610939709617096 + 0.1256106054834334i, -0.05136551899712767 + -0.007324895842783606i, 0.01053250187416552 + -0.05005271220972596i, 0.04845736577442869 + 0.01818273380942974i, -0.02062299603234894 + 0.0468904819533552i, -0.04745764864991445 + -0.02039100247527631i, 0.02249241864067695 + -0.04609672047284058i, -0.0006048299021747511 + 0.06866135936946252i, -0.06565242094856405 + -0.003893942421710777i, 0.01594124426198803 + -0.06648937771336093i, 0.06365477294612651 + 0.01722738171764586i, -0.0196531974666377 + 0.06536884759558914i, -0.06319247342070263 + -0.02006555286255158i, 0.1501259448562122 + -0.1672180132297562i, -0.08185245164783131 + 0.139675509092919i, -0.1261172053390641 + -0.09932112712338449i, -0.2410089888903815 + -0.03727521267016678i, 0.06726077645674269 + -0.2311055949208626i, 0.4610939709617031 + 0.1256106054834343i, 0.7138262070117983 + -0.01088483564960641i, 0.01355861508619667 + -0.04947363854141257i, 0.04778792565925732 + 0.01654193490355555i, -0.0238478054922908 + 0.04527379936526334i, -0.04343409036507748 + -0.02604693743060321i, 0.02588976243965059 + -0.04401919145294378i, 0.0424235439129716 + 0.02778208936254197i, -0.06727238727868695 + -0.009113367453040819i, 0.01196616294383916 + -0.06391288627511005i, 0.06323889055892118 + 0.02388678190464205i, -0.02479656458810351 + 0.06029893406823428i, -0.0616791910164628 + -0.02738865699075248i, 0.02752305760920567 + -0.05949329571135797i, 0.2250956134475698 + 0.1042837942510188i, -0.05151329139570968 + 0.006783886950369187i, 0.0003130910227562299 + -0.05152029129064381i, 0.05178583471428781 + 0.00467819039842684i, -0.01119229892531892 + 0.05008333008572002i, -0.05136551899709091 + -0.00732489584281402i, 0.01355861508624551 + -0.04947363854141329i, -0.5732185196684891 + 0.4993105702195722i, 0.4154427137661639 + -0.1316255946375031i, 0.06080280295624971 + 0.190108560863852i, -0.1911997469012786 + 0.04967250493683419i, 0.09872550120135708 + 0.1417991093568605i, -0.145361004424416 + 0.09114597174506711i, -0.05352510124098076 + -0.0002675959516876008i, 0.002840479028761105 + -0.05118932269464018i, 0.05187752926487524 + 0.01222918386654976i, -0.01324017826995663 + 0.049671700311433i, -0.05101506574641076 + -0.01512606810573659i, 0.01545397236915153 + -0.04931975025194152i, -0.1171621369043513 + 0.2146669081907185i, -0.003336437881173137 + -0.05111195686368136i, 0.05065914197063517 + 0.003645162838214414i, -0.007956219223653981 + 0.05063760593209989i, -0.04854094241151032 + -0.01425373192147032i, 0.01053250187419307 + -0.05005271220974939i, 0.04778792565925925 + 0.01654193490354903i, 0.4154427137661414 + -0.1316255946374617i, 0.6307689238632063 + -0.4319308761086397i, -0.1909442236353238 + 0.04749631702096932i, -0.03647699736735831 + -0.1912966449682262i, -0.1458796463480987 + 0.08792927663550279i, -0.08024273499008981 + -0.148892449888276i, 0.003730270109200236 + -0.05263417807028042i, 0.05016986580665959 + 0.006109862826860614i, -0.0153899114165721 + 0.05023869492598582i, -0.04800338130463755 + -0.01624152461234308i, 0.01818364992532292 + -0.04920266463932829i, 0.04751377888933468 + 0.01839638984363079i, -0.1968257623709081 + -0.1499925657518228i, 0.05163587270505932 + 0.004471789362641339i, -0.01138614048808943 + 0.05011624700900068i, -0.04943603943439342 + -0.01569510062030774i, 0.02167401848460029 + -0.04637662831426893i, 0.04845736577444913 + 0.01818273380940461i, -0.02384780549227084 + 