% Matlab m-File exported from HFSS11.0 
% Note: In three-dimensional arrays, like S(i,j,k), the first index corresponds to the frequency.
%       So, S(N,j,k) is an S(j,k) matrix for frequency N.

f = zeros(1,1);
S = zeros(1,10,10);

f = [3700000000 ];
S(1,:,:) = [   -5.747912E-002 +    2.307590E-003i,    3.534248E-001 +    7.386078E-003i,   -1.072618E-002 -    3.541521E-001i,   -3.523630E-001 +    6.742511E-003i,    2.515742E-002 +    3.522894E-001i,    2.544356E-001 +    2.442172E-001i,    2.313173E-001 -    2.673592E-001i,   -2.639621E-001 -    2.321755E-001i,   -2.189707E-001 +    2.760423E-001i,    5.957856E-003 +    1.048609E-002i;   3.534248E-001 +    7.386078E-003i,    3.951965E-001 +    1.351793E-001i,    3.416504E-001 +    5.738312E-001i,   -9.275750E-002 +    2.365767E-001i,    2.416100E-001 +    8.047066E-002i,    5.170565E-003 +    9.517220E-003i,    9.260121E-003 -    5.668943E-003i,   -5.561535E-003 -    9.253586E-003i,   -8.979703E-003 +    6.038073E-003i,   -6.385254E-002 +    3.472839E-001i;  -1.072618E-002 -    3.541521E-001i,    3.416504E-001 +    5.738312E-001i,   -4.043882E-001 -    9.579707E-002i,    2.415656E-001 +    8.072008E-002i,    6.816307E-002 -    2.459739E-001i,    9.261521E-003 -    5.663599E-003i,   -6.149287E-003 -    8.978618E-003i,   -8.977583E-003 +    6.041438E-003i,    6.504405E-003 +    8.678999E-003i,    3.509001E-001 +    4.611082E-002i;  -3.523630E-001 +    6.742511E-003i,   -9.275750E-002 +    2.365767E-001i,    2.415656E-001 +    8.072008E-002i,    4.127175E-001 +    1.435519E-001i,    3.502279E-001 +    5.552997E-001i,   -5.530421E-003 -    9.274409E-003i,   -8.998414E-003 +    6.016628E-003i,    5.909372E-003 +    8.996188E-003i,    8.704345E-003 -    6.373154E-003i,    4.975223E-002 -    3.484985E-001i;   2.515742E-002 +    3.522894E-001i,    2.416100E-001 +    8.047066E-002i,    6.816307E-002 -    2.459739E-001i,    3.502279E-001 +    5.552997E-001i,   -4.231140E-001 -    1.014265E-001i,   -8.992800E-003 +    6.019345E-003i,    6.491518E-003 +    8.691185E-003i,    8.694561E-003 -    6.384060E-003i,   -6.832961E-003 -    8.378257E-003i,   -3.513734E-001 -    3.158391E-002i;   2.544356E-001 +    2.442172E-001i,    5.170565E-003 +    9.517220E-003i,    9.261521E-003 -    5.663599E-003i,   -5.530421E-003 -    9.274409E-003i,   -8.992800E-003 +    6.019345E-003i,    3.944658E-001 +    1.457267E-001i,    3.526469E-001 +    5.739182E-001i,   -9.122569E-002 +    2.263308E-001i,    2.311993E-001 +    7.979613E-002i,    2.829324E-001 -    2.124880E-001i;   2.313173E-001 -    2.673592E-001i,    9.260121E-003 -    5.668943E-003i,   -6.149287E-003 -    8.978618E-003i,   -8.998414E-003 +    6.016628E-003i,    6.491518E-003 +    8.691185E-003i,    3.526469E-001 +    5.739182E-001i,   -4.046808E-001 -    1.061309E-001i,    2.313039E-001 +    7.961109E-002i,    6.791686E-002 -    2.355861E-001i,   -2.273691E-001 -    2.722468E-001i;  -2.639621E-001 -    2.321755E-001i,   -5.561535E-003 -    9.253586E-003i,   -8.977583E-003 +    6.041438E-003i,    5.909372E-003 +    8.996188E-003i,    8.694561E-003 -    6.384060E-003i,   -9.122569E-002 +    2.263308E-001i,    2.313039E-001 +    7.961109E-002i,    4.144704E-001 +    1.546291E-001i,    3.607400E-001 +    5.534778E-001i,   -2.725477E-001 +    2.238666E-001i;  -2.189707E-001 +    2.760423E-001i,   -8.979703E-003 +    6.038073E-003i,    6.504405E-003 +    8.678999E-003i,    8.704345E-003 -    6.373154E-003i,   -6.832961E-003 -    8.378257E-003i,    2.311993E-001 +    7.979613E-002i,    6.791686E-002 -    2.355861E-001i,    3.607400E-001 +    5.534778E-001i,   -4.255753E-001 -    1.135639E-001i,    2.379619E-001 +    2.614239E-001i;   5.957856E-003 +    1.048609E-002i,   -6.385254E-002 +    3.472839E-001i,    3.509001E-001 +    4.611082E-002i,    4.975223E-002 -    3.484985E-001i,   -3.513734E-001 -    3.158391E-002i,    2.829324E-001 -    2.124880E-001i,   -2.273691E-001 -    2.722468E-001i,   -2.725477E-001 +    2.238666E-001i,    2.379619E-001 +    2.614239E-001i,   -3.122843E-002 +    1.295952E-002i];

% MODIF JH 25/02/2008
% on ne recupere que les 9 coefficients (on ne s'interesse pas au 10 : voie retour vers la charge
S = S(1,1:end-1, 1:end-1);
S = reshape(S,1,length(S)*length(S)); 
