% Matlab m-File exported from HFSS11.0 
% Note: In three-dimensional arrays, like S(i,j,k), the first index corresponds to the frequency.
%       So, S(N,j,k) is an S(j,k) matrix for frequency N.

f = zeros(1,1);
S = zeros(1,7,7);

f = [3700000000 ];
S(1,:,:) = [    1.176541E-001 -    6.270145E-002i,    7.899801E-002 +    3.944025E-001i,    3.985701E-001 -    4.638329E-002i,   -3.975873E-002 -    4.084478E-001i,   -4.051251E-001 +    5.640821E-002i,    2.607382E-002 +    3.955852E-001i,    4.069577E-001 -    3.036237E-002i;   7.899801E-002 +    3.944025E-001i,   -3.020803E-001 -    5.741901E-002i,   -1.945078E-001 -    6.955194E-001i,   -1.372746E-001 -    1.269560E-001i,   -1.207811E-001 +    1.419340E-001i,   -2.718439E-001 +    9.276075E-003i,    1.196964E-002 +    2.797360E-001i;   3.985701E-001 -    4.638329E-002i,   -1.945078E-001 -    6.955194E-001i,    2.921351E-001 +    1.052033E-001i,   -1.374173E-001 +    1.261313E-001i,    1.312673E-001 +    1.316579E-001i,   -1.294335E-002 +    2.710330E-001i,    2.790992E-001 +    1.090883E-002i;  -3.975873E-002 -    4.084478E-001i,   -1.372746E-001 -    1.269560E-001i,   -1.374173E-001 +    1.261313E-001i,   -6.770536E-001 -    2.479712E-001i,   -2.754546E-001 -    3.106603E-001i,   -1.171286E-001 -    1.416105E-001i,   -1.447214E-001 +    1.218260E-001i;  -4.051251E-001 +    5.640821E-002i,   -1.207811E-001 +    1.419340E-001i,    1.312673E-001 +    1.316579E-001i,   -2.754546E-001 -    3.106603E-001i,    6.971722E-001 +    1.893571E-001i,   -1.362043E-001 +    1.224744E-001i,    1.272805E-001 +    1.391090E-001i;   2.607382E-002 +    3.955852E-001i,   -2.718439E-001 +    9.276075E-003i,   -1.294335E-002 +    2.710330E-001i,   -1.171286E-001 -    1.416105E-001i,   -1.362043E-001 +    1.224744E-001i,   -2.993040E-001 -    1.338602E-001i,   -6.965418E-002 -    7.180136E-001i;   4.069577E-001 -    3.036237E-002i,    1.196964E-002 +    2.797360E-001i,    2.790992E-001 +    1.090883E-002i,   -1.447214E-001 +    1.218260E-001i,    1.272805E-001 +    1.391090E-001i,   -6.965418E-002 -    7.180136E-001i,    2.600320E-001 +    1.330537E-001i];
