% Matlab m-File exported from HFSS11.0 
% Note: In three-dimensional arrays, like S(i,j,k), the first index corresponds to the frequency.
%       So, S(N,j,k) is an S(j,k) matrix for frequency N.

f = zeros(1,1);
S = zeros(1,7,7);

f = [3700000000 ];
S(1,:,:) = [    1.057799E-001 -    6.538190E-002i,    2.555326E-001 +    3.164442E-001i,    3.290500E-001 -    2.320611E-001i,   -2.353351E-001 -    3.376269E-001i,   -3.273940E-001 +    2.425223E-001i,    2.222291E-001 +    3.363781E-001i,    3.323275E-001 -    2.204989E-001i;   2.555326E-001 +    3.164442E-001i,   -3.339005E-001 +    1.463689E-001i,   -6.032202E-001 -    3.333887E-001i,   -1.824254E-001 +    4.732649E-002i,    5.204101E-002 +    1.791751E-001i,   -1.402749E-001 +    2.435508E-001i,    2.412075E-001 +    1.382904E-001i;   3.290500E-001 -    2.320611E-001i,   -6.032202E-001 -    3.333887E-001i,    3.575821E-001 -    1.135214E-001i,    3.500957E-002 +    1.832566E-001i,    1.803493E-001 -    3.987605E-002i,    2.315644E-001 +    1.542485E-001i,    1.521373E-001 -    2.293773E-001i;  -2.353351E-001 -    3.376269E-001i,   -1.824254E-001 +    4.732649E-002i,    3.500957E-002 +    1.832566E-001i,   -6.673279E-001 +    3.747421E-001i,   -3.225387E-001 -    3.773714E-002i,   -1.845145E-001 +    2.949360E-002i,    2.953774E-002 +    1.824735E-001i;  -3.273940E-001 +    2.425223E-001i,    5.204101E-002 +    1.791751E-001i,    1.803493E-001 -    3.987605E-002i,   -3.225387E-001 -    3.773714E-002i,    6.451888E-001 -    4.190878E-001i,    3.445342E-002 +    1.817515E-001i,    1.797305E-001 -    3.443885E-002i;   2.222291E-001 +    3.363781E-001i,   -1.402749E-001 +    2.435508E-001i,    2.315644E-001 +    1.542485E-001i,   -1.845145E-001 +    2.949360E-002i,    3.445342E-002 +    1.817515E-001i,   -3.439971E-001 +    8.550163E-002i,   -5.713468E-001 -    3.997967E-001i;   3.323275E-001 -    2.204989E-001i,    2.412075E-001 +    1.382904E-001i,    1.521373E-001 -    2.293773E-001i,    2.953774E-002 +    1.824735E-001i,    1.797305E-001 -    3.443885E-002i,   -5.713468E-001 -    3.997967E-001i,    3.522713E-001 -    9.922636E-002i];
