% Matlab m-File exported from HFSS11.0 
% Note: In three-dimensional arrays, like S(i,j,k), the first index corresponds to the frequency.
%       So, S(N,j,k) is an S(j,k) matrix for frequency N.

f = zeros(1,1);
S = zeros(1,7,7);

f = [3700000000 ];
S(1,:,:) = [    1.093215E-001 -    6.854791E-002i,    1.423711E-001 +    3.826502E-001i,    3.827960E-001 -    1.101690E-001i,   -1.025694E-001 -    3.976945E-001i,   -3.891073E-001 +    1.148968E-001i,    8.151227E-002 +    3.887304E-001i,    3.965481E-001 -    9.846910E-002i;   1.423711E-001 +    3.826502E-001i,   -3.197848E-001 -    2.547513E-002i,   -3.339150E-001 -    6.237418E-001i,   -1.728275E-001 -    7.757866E-002i,   -7.066403E-002 +    1.732838E-001i,   -2.624380E-001 +    9.135168E-002i,    1.038174E-001 +    2.663449E-001i;   3.827960E-001 -    1.101690E-001i,   -3.339150E-001 -    6.237418E-001i,    3.441682E-001 +    5.949600E-002i,   -8.826824E-002 +    1.623875E-001i,    1.633434E-001 +    8.157526E-002i,    6.943702E-002 +    2.620720E-001i,    2.667959E-001 -    8.127479E-002i;  -1.025694E-001 -    3.976945E-001i,   -1.728275E-001 -    7.757866E-002i,   -8.826824E-002 +    1.623875E-001i,   -7.428196E-001 -    9.286643E-002i,   -2.800078E-001 -    2.279000E-001i,   -1.559271E-001 -    9.974750E-002i,   -9.665759E-002 +    1.640619E-001i;  -3.891073E-001 +    1.148968E-001i,   -7.066403E-002 +    1.732838E-001i,    1.633434E-001 +    8.157526E-002i,   -2.800078E-001 -    2.279000E-001i,    7.528057E-001 +    3.407282E-002i,   -9.312966E-002 +    1.573589E-001i,    1.652841E-001 +    8.980024E-002i;   8.151227E-002 +    3.887304E-001i,   -2.624380E-001 +    9.135168E-002i,    6.943702E-002 +    2.620720E-001i,   -1.559271E-001 -    9.974750E-002i,   -9.312966E-002 +    1.573589E-001i,   -3.336503E-001 -    9.775067E-002i,   -2.234888E-001 -    6.730525E-001i;   3.965481E-001 -    9.846910E-002i,    1.038174E-001 +    2.663449E-001i,    2.667959E-001 -    8.127479E-002i,   -9.665759E-002 +    1.640619E-001i,    1.652841E-001 +    8.980024E-002i,   -2.234888E-001 -    6.730525E-001i,    3.022922E-001 +    8.706747E-002i];
