% Matlab m-File exported from HFSS11.0 
% Note: In three-dimensional arrays, like S(i,j,k), the first index corresponds to the frequency.
%       So, S(N,j,k) is an S(j,k) matrix for frequency N.

f = zeros(1,1);
S = zeros(1,7,7);

f = [3700000000 ];
S(1,:,:) = [    1.128968E-001 -    7.101463E-002i,    9.189889E-002 +    3.884217E-001i,    3.956016E-001 -    9.586417E-002i,   -1.078982E-001 -    3.921185E-001i,   -3.912546E-001 +    1.220339E-001i,    1.431486E-001 +    3.777977E-001i,    3.858280E-001 -    1.083821E-001i;   9.189889E-002 +    3.884217E-001i,   -3.316003E-001 -    8.181774E-002i,   -2.409433E-001 -    6.686669E-001i,   -1.584013E-001 -    9.451869E-002i,   -8.979909E-002 +    1.627583E-001i,   -2.566853E-001 +    9.929774E-002i,    7.565219E-002 +    2.623197E-001i;   3.956016E-001 -    9.586417E-002i,   -2.409433E-001 -    6.686669E-001i,    3.062875E-001 +    8.781351E-002i,   -9.551411E-002 +    1.620587E-001i,    1.664759E-001 +    9.067702E-002i,    1.026815E-001 +    2.612170E-001i,    2.670935E-001 -    7.859908E-002i;  -1.078982E-001 -    3.921185E-001i,   -1.584013E-001 -    9.451869E-002i,   -9.551411E-002 +    1.620587E-001i,   -7.478093E-001 -    7.063617E-002i,   -2.862889E-001 -    2.230192E-001i,   -1.715588E-001 -    7.408584E-002i,   -8.821771E-002 +    1.630331E-001i;  -3.912546E-001 +    1.220339E-001i,   -8.979909E-002 +    1.627583E-001i,    1.664759E-001 +    9.067702E-002i,   -2.862889E-001 -    2.230192E-001i,    7.475815E-001 +    2.446547E-002i,   -6.877132E-002 +    1.753140E-001i,    1.672086E-001 +    8.329508E-002i;   1.431486E-001 +    3.777977E-001i,   -2.566853E-001 +    9.929774E-002i,    1.026815E-001 +    2.612170E-001i,   -1.715588E-001 -    7.408584E-002i,   -6.877132E-002 +    1.753140E-001i,   -3.324024E-001 -    2.454310E-002i,   -3.286966E-001 -    6.266828E-001i;   3.858280E-001 -    1.083821E-001i,    7.565219E-002 +    2.623197E-001i,    2.670935E-001 -    7.859908E-002i,   -8.821771E-002 +    1.630331E-001i,    1.672086E-001 +    8.329508E-002i,   -3.286966E-001 -    6.266828E-001i,    3.334557E-001 +    7.819200E-002i];
