% Matlab m-File exported from HFSS11.0 
% Note: In three-dimensional arrays, like S(i,j,k), the first index corresponds to the frequency.
%       So, S(N,j,k) is an S(j,k) matrix for frequency N.

f = zeros(1,1);
S = zeros(1,7,7);

f = [3700000000 ];
S(1,:,:) = [    1.032956E-001 -    6.298269E-002i,    2.442545E-001 +    3.270477E-001i,    3.380017E-001 -    2.177788E-001i,   -2.215430E-001 -    3.471163E-001i,   -3.303521E-001 +    2.288213E-001i,    2.022973E-001 +    3.474457E-001i,    3.425746E-001 -    2.168116E-001i;   2.442545E-001 +    3.270477E-001i,   -3.164636E-001 +    1.376566E-001i,   -5.960154E-001 -    3.626906E-001i,   -1.853189E-001 +    3.492951E-002i,    4.088294E-002 +    1.794362E-001i,   -1.622985E-001 +    2.281105E-001i,    2.359185E-001 +    1.550402E-001i;   3.380017E-001 -    2.177788E-001i,   -5.960154E-001 -    3.626906E-001i,    3.445607E-001 -    1.099086E-001i,    2.171850E-002 +    1.844870E-001i,    1.791110E-001 -    2.796904E-002i,    2.131213E-001 +    1.750062E-001i,    1.684047E-001 -    2.212879E-001i;  -2.215430E-001 -    3.471163E-001i,   -1.853189E-001 +    3.492951E-002i,    2.171850E-002 +    1.844870E-001i,   -6.884408E-001 +    3.303017E-001i,   -3.243897E-001 -    4.860333E-002i,   -1.854345E-001 +    1.348563E-002i,    2.050504E-002 +    1.863585E-001i;  -3.303521E-001 +    2.288213E-001i,    4.088294E-002 +    1.794362E-001i,    1.791110E-001 -    2.796904E-002i,   -3.243897E-001 -    4.860333E-002i,    6.633629E-001 -    3.971641E-001i,    1.997528E-002 +    1.803380E-001i,    1.809807E-001 -    2.685455E-002i;   2.022973E-001 +    3.474457E-001i,   -1.622985E-001 +    2.281105E-001i,    2.131213E-001 +    1.750062E-001i,   -1.854345E-001 +    1.348563E-002i,    1.997528E-002 +    1.803380E-001i,   -3.525772E-001 +    6.856814E-002i,   -5.439660E-001 -    4.376463E-001i;   3.425746E-001 -    2.168116E-001i,    2.359185E-001 +    1.550402E-001i,    1.684047E-001 -    2.212879E-001i,    2.050504E-002 +    1.863585E-001i,    1.809807E-001 -    2.685455E-002i,   -5.439660E-001 -    4.376463E-001i,    3.395768E-001 -    8.509421E-002i];
