% Matlab m-File exported from HFSS11.0 
% Note: In three-dimensional arrays, like S(i,j,k), the first index corresponds to the frequency.
%       So, S(N,j,k) is an S(j,k) matrix for frequency N.

f = zeros(1,1);
S = zeros(1,7,7);

f = [3700000000 ];
S(1,:,:) = [    1.191748E-001 -    6.673662E-002i,    3.501846E-002 +    3.920301E-001i,    4.084134E-001 -    4.044239E-002i,   -4.515464E-002 -    4.065708E-001i,   -4.043226E-001 +    6.435993E-002i,    8.719503E-002 +    3.928482E-001i,    3.970416E-001 -    5.882312E-002i;   3.501846E-002 +    3.920301E-001i,   -3.132535E-001 -    1.202717E-001i,   -9.898312E-002 -    7.146438E-001i,   -1.208699E-001 -    1.373260E-001i,   -1.315742E-001 +    1.273272E-001i,   -2.688461E-001 +    2.005075E-002i,    8.366467E-004 +    2.688992E-001i;   4.084134E-001 -    4.044239E-002i,   -9.898312E-002 -    7.146438E-001i,    2.557620E-001 +    1.230892E-001i,   -1.419765E-001 +    1.274057E-001i,    1.340810E-001 +    1.359145E-001i,    2.360115E-002 +    2.801211E-001i,    2.803691E-001 -    3.567409E-003i;  -4.515464E-002 -    4.065708E-001i,   -1.208699E-001 -    1.373260E-001i,   -1.419765E-001 +    1.274057E-001i,   -6.831738E-001 -    2.433785E-001i,   -2.728174E-001 -    3.044404E-001i,   -1.405662E-001 -    1.232729E-001i,   -1.326362E-001 +    1.310855E-001i;  -4.043226E-001 +    6.435993E-002i,   -1.315742E-001 +    1.273272E-001i,    1.340810E-001 +    1.359145E-001i,   -2.728174E-001 -    3.044404E-001i,    7.026022E-001 +    1.783138E-001i,   -1.165940E-001 +    1.463538E-001i,    1.373183E-001 +    1.264029E-001i;   8.719503E-002 +    3.928482E-001i,   -2.688461E-001 +    2.005075E-002i,    2.360115E-002 +    2.801211E-001i,   -1.405662E-001 -    1.232729E-001i,   -1.165940E-001 +    1.463538E-001i,   -3.057235E-001 -    5.814611E-002i,   -2.139474E-001 -    6.883112E-001i;   3.970416E-001 -    5.882312E-002i,    8.366467E-004 +    2.688992E-001i,    2.803691E-001 -    3.567409E-003i,   -1.326362E-001 +    1.310855E-001i,    1.373183E-001 +    1.264029E-001i,   -2.139474E-001 -    6.883112E-001i,    2.979591E-001 +    1.001780E-001i];
