% Matlab m-File from Maxwell project
f = zeros(1,1);
S = zeros(1,49);

f(1) = 3700000000;

S = [
0.08262401138356681 + -0.07491898744535386i, 0.2351388076658486 + 0.3286555321354555i, 0.3259591264379838 + -0.2429083911900311i, -0.2452559163020272 + -0.3327249170828591i, -0.3162317867123976 + 0.2504528996278761i, 0.2765931241673001 + 0.2976054405987564i, 0.3122552261048772 + -0.2506795726454232i, 0.2351388076658555 + 0.328655532135453i, -0.3781481007091622 + 0.08370823670738151i, -0.5504846065403721 + -0.3957100353085445i, -0.1828256721849078 + 0.03708338285620136i, 0.0423476736361311 + 0.1770641821397477i, -0.1190157929958552 + 0.2579826198288683i, 0.2451129489534358 + 0.1353768468677123i, 0.3259591264379679 + -0.2429083911900273i, -0.550484606540364 + -0.3957100353085387i, 0.3700480548027882 + -0.09169596400481048i, 0.04086558060100994 + 0.1831550380129762i, 0.1772576043551787 + -0.04604773865532794i, 0.2617918386725325 + 0.1146658381828962i, 0.1313723456015833 + -0.249167381545744i, -0.245255916301996 + -0.3327249170829504i, -0.1828256721848571 + 0.03708338285619447i, 0.04086558060097219 + 0.1831550380129559i, -0.6911995391087662 + 0.3641093982217705i, -0.2732639794617249 + -0.06454434762526765i, -0.1781930834643961 + 0.06110222545162546i, 0.04736388880523278 + 0.1795167702976173i, -0.3162317867124539 + 0.2504528996279386i, 0.04234767363610935 + 0.1770641821397457i, 0.1772576043551656 + -0.04604773865532621i, -0.2732639794616644 + -0.0645443476253237i, 0.6670219955751993 + -0.4244988958162135i, 0.06561768237874534 + 0.171734093638192i, 0.1734894364300939 + -0.05226284934056907i, 0.2765931241672051 + 0.2976054405989718i, -0.1190157929959296 + 0.2579826198288757i, 0.2617918386725284 + 0.1146658381829728i, -0.1781930834643 + 0.06110222545163435i, 0.06561768237874464 + 0.1717340936380842i, -0.3425526698710438 + 0.1593413698602842i, -0.6065893730308635 + -0.3042318616853003i, 0.3122552261048801 + -0.2506795726457679i, 0.245112948953548 + 0.1353768468676643i, 0.131372345601528 + -0.2491673815458489i, 0.04736388880511321 + 0.179516770297714i, 0.1734894364301694 + -0.05226284934046068i, -0.6065893730308554 + -0.3042318616854813i, 0.3720492736097981 + -0.1252124039928132i;
];
Z = [
-1.05219541830405e-013 + -206.3059102425979i, -4.607731339956036e-014 + 51.0979077278038i, -4.387029670722039e-013 + -139.2634170256745i, -1.867315454583274e-013 + -62.20876683642437i, 3.565919674348928e-013 + 152.7050165414112i, 2.563484971607116e-013 + 75.20461849684374i, -3.266507375435735e-013 + -175.7395980736187i, 4.02148525718172e-014 + 51.09790772778834i, -3.390721586636901e-013 + 71.11796867961789i, 6.018322410577607e-013 + -99.67412790386152i, 2.012275283780929e-014 + -10.40168145618211i, 1.629837104369806e-013 + 25.5332007202793i, 4.885242801685954e-014 + -37.12716199231522i, -2.38835323068718e-013 + 86.759466875095i, -7.108864122347658e-013 + -139.2634170256196i, 2.348901101736921e-013 + -99.67412790386004i, -9.289724515725629e-013 + 5.919684706450269i, 1.403178743890993e-013 + 28.34898335833047i, -4.468084778808725e-013 + -69.58877614641483i, 1.598531801115835e-013 + 101.1872249118372i, -2.976591793427096e-013 + -236.456255112075i, -4.166760101962163e-014 + -62.20876683648444i, -7.353230859024227e-015 + -10.4016814561616i, 3.349323487682991e-014 + 28.34898335828115i, -1.501177012445216e-014 + 28.51679858966789i, -2.001439334862741e-014 + 21.74983277899538i, -5.905340707423838e-015 + -15.43813710824477i, -2.53087334290091e-014 + 36.07613540079714i, -4.076965570442863e-013 + 152.7050165415376i, 1.219452073161659e-014 + 25.53320072024363i, -1.625702297915216e-014 + -69.58877614630885i, 1.224021950931241e-013 + 21.74983277897525i, 1.825541270427684e-013 + -308.857469260008i, -1.238159873280586e-013 + 37.8962818816727i, 5.1205519600536e-013 + -88.55675957445227i, -2.357921856516093e-013 + 75.20461849694951i, -4.445629477957678e-014 + -37.12716199234409i, 9.245579665334026e-014 + 101.187224911916i, -6.897640572750642e-014 + -15.43813710822076i, -1.63354559819943e-013 + 37.89628188161739i, 2.570588249618651e-013 + 97.69124696743955i, -4.333299661360993e-013 + -106.3693950612664i, 3.399286838391874e-013 + -175.7395980737263i, 1.119802750248155e-014 + 86.75946687513883i, -7.06034046615428e-014 + -236.4562551121915i, 1.629117505293655e-013 + 36.07613540079714i, 2.771250862135049e-013 + -88.55675957445581i, -3.429270980348818e-013 + -106.3693950613276i, 9.494696791194574e-013 + -9.445422116238939i;
];
