% Matlab m-File from Maxwell project
f = zeros(1,1);
S = zeros(1,49);

f(1) = 3700000000;

S = [
0.09663332817626731 + -0.07900431620310759i, 0.1152980948438495 + 0.3822066760034718i, 0.3893032451203304 + -0.1228532561785273i, -0.1288762781747958 + -0.3908720581418933i, -0.3838927280988077 + 0.1340844826078133i, 0.1648009960831544 + 0.3711655792105261i, 0.3754886074514586 + -0.1331822020153191i, 0.115298094843858 + 0.3822066760034275i, -0.3544440041441111 + -0.1053485826812266i, -0.2484438336596327 + -0.6484055601251545i, -0.1675650062766016 + -0.08052431659848515i, -0.07664298117417619 + 0.1669256811531215i, -0.2488693022415035 + 0.1274864473866744i, 0.1059143860261567 + 0.2530500223196625i, 0.3893032451201746 + -0.1228532561784594i, -0.2484438336595636 + -0.6484055601249069i, 0.3282061480946971 + 0.1077699376263676i, -0.08015910319503911 + 0.1723781593546396i, 0.1716740622644549 + 0.07619880002866962i, 0.1335843367942731 + 0.2528096118089304i, 0.2573644349485267 + -0.1115815268470891i, -0.1288762781748058 + -0.3908720581419237i, -0.1675650062766425 + -0.08052431659850856i, -0.08015910319507179 + 0.1723781593547413i, -0.7625397299908879 + -0.06020875963811357i, -0.2417180610467317 + -0.2141597468337287i, -0.1798401382146991 + -0.0599533875605265i, -0.07221659211421759 + 0.171382489264677i, -0.3838927280988586 + 0.1340844826078311i, -0.07664298117419292 + 0.1669256811531887i, 0.171674062264585 + 0.07619880002870662i, -0.2417180610467586 + -0.2141597468337374i, 0.7692460730245329 + 0.02750686727025994i, -0.05610912118831601 + 0.1786953247471455i, 0.1705528700395775 + 0.06836997592642206i, 0.1648009960831754 + 0.3711655792105353i, -0.2488693022414599 + 0.127486447386663i, 0.1335843367943213 + 0.2528096118090101i, -0.1798401382147091 + -0.05995338756051235i, -0.05610912118829095 + 0.1786953247471639i, -0.3439407653277284 + -0.03029298988777456i, -0.3511479103974176 + -0.6013282289622891i, 0.3754886074514211 + -0.1331822020152874i, 0.1059143860261418 + 0.2530500223197457i, 0.2573644349487273 + -0.111581526847182i, -0.07221659211422216 + 0.1713824892646545i, 0.170552870039563 + 0.06836997592640726i, -0.3511479103974796 + -0.6013282289623468i, 0.3592080938264429 + 0.0710694644930808i;
];
Z = [
1.687926787038137e-012 + -654.5142900637006i, 1.775969830766193e-013 + 20.5808964220547i, -8.733338823807996e-013 + -270.6875845381718i, 1.085450731886527e-014 + -39.19290521597i, -3.084227031682691e-012 + 356.4920538860338i, 4.501904466639116e-014 + 35.16867871247181i, -1.056864845660662e-012 + -296.406385252081i, -4.408853523606334e-014 + 20.58089642203029i, -2.632988314568176e-015 + 14.92786663711091i, 1.236712860477191e-013 + -111.8046278218578i, 2.397576263528279e-015 + 5.776534294494793i, 4.065456343867568e-013 + -52.54238788024108i, -1.399547236516921e-014 + 1.398589736961895i, -1.151362404812274e-014 + -11.78750360150204i, -9.57735236806973e-015 + -270.6875845380159i, -4.787035806010684e-014 + -111.804627821823i, -1.205045018178934e-012 + 200.8948355598853i, -2.759179728258713e-013 + -75.97512183154581i, -1.861632918830478e-012 + 691.0569750968341i, 7.777407349144608e-014 + -18.39477089212528i, -2.96512039201697e-013 + 155.0336188312756i, 2.831240708119331e-013 + -39.19290521597621i, -2.543398550443232e-014 + 5.776534294500146i, 1.012403994905731e-012 + -75.97512183159634i, -1.280089497072051e-013 + 32.86206421494971i, 1.865955161611603e-012 + -213.6541054250641i, -2.094372077020977e-013 + 9.885690221076084i, 7.991098297836552e-013 + -83.31793525190184i, -1.488168327550839e-013 + 356.4920538861063i, -4.46297565062401e-013 + -52.54238788030152i, 6.299826454154656e-013 + 691.0569750973718i, -1.23260643505197e-012 + -213.6541054250898i, 1.357060528267335e-012 + 997.7353450630949i, 2.529913531241253e-013 + -89.91857913976804i, 2.96314285983925e-012 + 757.8459558894657i, -2.530905679617189e-014 + 35.1686787124649i, -5.476026466458178e-014 + 1.398589736968444i, 3.834612178522372e-013 + -18.39477089215836i, -1.26976175040787e-013 + 9.885690221075576i, 9.530733816912064e-013 + -89.91857913974327i, -2.080371354571587e-013 + 36.95364866823042i, 2.395199111938912e-013 + -139.3066705344668i, -3.144322078457963e-013 + -296.4063852520634i, 2.883645268351662e-014 + -11.78750360152239i, -1.679844919237583e-012 + 155.0336188314322i, -5.933125493761675e-014 + -83.31793525190969i, -2.727875811873431e-012 + 757.8459558894083i, 5.583087149068239e-013 + -139.3066705344768i, -7.569114430552809e-013 + 258.4455605159621i;
];
