% Matlab m-File from Maxwell project
f = zeros(1,1);
S = zeros(1,49);

f(1) = 3700000000;

S = [
0.09545985910523289 + -0.05944489968031138i, 0.3832978059566305 + 0.1263488607991292i, 0.1553616506207839 + -0.3705743944483629i, -0.376675928649853 + -0.1721164551858029i, -0.1566035304435139 + 0.3736516839913872i, 0.3709994462356299 + 0.1666719297232263i, 0.1684302405789535 + -0.3654749087797845i, 0.383297805956643 + 0.1263488607991423i, -0.05988896819479725 + 0.3903565565733139i, -0.5769986838632478 + 0.3547620142588549i, -0.04414993970389917 + 0.1803807056910832i, 0.1777446779286246 + 0.03757121410243459i, 0.1614207099650113 + 0.2284862847775362i, 0.2275951589469473 + -0.1575337820144241i, 0.1553616506207779 + -0.3705743944483633i, -0.576998683863247 + 0.3547620142588543i, 0.117539612132662 + -0.3814508196820698i, 0.1755894304163879 + 0.05791723543285224i, 0.05118143838043433 + -0.1734870877853168i, 0.2394013414381033 + -0.1423657141020848i, -0.1385773236089338 + -0.2382131032257733i, -0.3766759286498645 + -0.1721164551857921i, -0.04414993970390937 + 0.1803807056910838i, 0.1755894304163914 + 0.05791723543285134i, -0.06800551831787663 + 0.7749800422118076i, -0.2041240527471313 + 0.2089846545599188i, -0.06310452233227439 + 0.1761113965406811i, 0.1736412181812318 + 0.06410921737893392i, -0.1566035304435189 + 0.3736516839913808i, 0.1777446779286106 + 0.03757121410242839i, 0.05118143838044131 + -0.1734870877853127i, -0.2041240527471247 + 0.2089846545599197i, 0.009264324332813654 + -0.7864016436610557i, 0.1741584500964059 + 0.05623731683108128i, 0.05729636038206139 + -0.1717743150533956i, 0.3709994462356412 + 0.1666719297232182i, 0.1614207099650171 + 0.2284862847775358i, 0.2394013414380838 + -0.1423657141020959i, -0.06310452233226684 + 0.1761113965406891i, 0.1741584500964103 + 0.05623731683107429i, -0.1347088068791963 + 0.3672409742959404i, -0.6176260017187008 + 0.2752649121077133i, 0.1684302405789682 + -0.3654749087797678i, 0.2275951589469523 + -0.1575337820144293i, -0.1385773236089025 + -0.2382131032257672i, 0.1736412181812258 + 0.06410921737892414i, 0.05729636038207551 + -0.1717743150533909i, -0.617626001718692 + 0.2752649121077354i, 0.1360176721926428 + -0.3777694131042284i;
];
Z = [
1.08596895881728e-013 + 173.9938963864393i, 8.071760483206773e-013 + 132.7399922451829i, -4.643066355887772e-013 + -98.3679898784664i, 1.448268529779481e-015 + -138.7140408808125i, 2.982677937859808e-013 + 114.8569766853047i, 3.276492503899764e-013 + 152.2305324164119i, 2.396767744963229e-013 + -130.6299912915956i, 2.354449544213457e-013 + 132.7399922451842i, 8.76088556269743e-013 + 12.8017147724059i, -1.115713808806633e-012 + 101.8138495367961i, -8.559350169010637e-014 + -26.62104915649284i, -9.507981593794725e-015 + 22.04256504344891i, -3.193446106898609e-014 + 137.6874727131377i, 3.831624004746315e-013 + -118.1505011018862i, -5.58267507494809e-013 + -98.36798987846134i, -4.005020915732018e-013 + 101.8138495367999i, 5.17487279205267e-013 + -162.3499044364949i, 1.583788575863913e-013 + 19.72773067183305i, -6.24220131957548e-014 + -16.33481024293474i, -3.400531629695262e-013 + -102.0343584695242i, 2.982524469506949e-014 + 87.55633570418998i, 1.952809849306309e-013 + -138.714040880814i, -2.963546426603758e-014 + -26.62104915649273i, -3.31165720121149e-014 + 19.72773067183248i, -1.034061789509474e-013 + 113.8178801419587i, 1.26855878019615e-013 + 3.769433522972212i, -4.726083347714689e-014 + -30.55123292852358i, 6.750646777569045e-015 + 26.21620694749719i, -1.915650172953394e-013 + 114.8569766853024i, 1.023823666551984e-013 + 22.04256504344934i, -1.074207132957674e-013 + -16.3348102429369i, 2.086839472919922e-013 + 3.769433522973797i, -5.496867846379703e-014 + -86.9946899516392i, -4.405783757845016e-014 + 25.29680681014016i, 1.443925320203507e-013 + -21.70735053774886i, -1.567501290112741e-014 + 152.2305324164123i, 1.712742923247544e-013 + 137.6874727131337i, 1.71246278551059e-013 + -102.0343584695185i, 6.584914538159561e-014 + -30.55123292852013i, -3.526739794807117e-015 + 25.29680681014251i, -3.857936081471906e-013 + 20.97547294665738i, 2.625349432525721e-013 + 80.48763610465933i, 1.868947378403207e-013 + -130.62999129159i, 2.959594814706856e-013 + -118.150501101878i, -5.622310407480732e-013 + 87.55633570417777i, -9.265461045806953e-014 + 26.21620694749195i, 4.02214228462768e-014 + -21.70735053775101i, 3.343178603393937e-013 + 80.4876361046625i, 8.595597912625454e-014 + -155.6298817972264i;
];
