% Matlab m-File from Maxwell project
f = zeros(1,1);
S = zeros(1,49);

f(1) = 3700000000;

S = [
0.101424714843381 + -0.0825323880437082i, 0.1186104211570054 + 0.3776760224868442i, 0.3854834940324358 + -0.1284084883121787i, -0.1321171534799068 + -0.3868290609851002i, -0.3840260209815993 + 0.1484261293031652i, 0.1792064269450099 + 0.3614547247905729i, 0.3732928647445288 + -0.1496581718916863i, 0.1186104211570253 + 0.3776760224868893i, -0.3558924519071335 + -0.08554307788675988i, -0.2848579805952415 + -0.6392921950086591i, -0.1676343931983645 + -0.07827660432100241i, -0.07207724191236359 + 0.171837191083569i, -0.2368413739633922 + 0.1393022468310137i, 0.1198043034437114 + 0.2463190323544464i, 0.3854834940324646 + -0.1284084883121808i, -0.2848579805952416 + -0.6392921950086294i, 0.3255900740768953 + 0.08862722955200574i, -0.07736209833948435 + 0.1734177360661525i, 0.1776210268445387 + 0.07092570161796551i, 0.1471496926952028 + 0.2405880459529476i, 0.2506595315809263 + -0.1273080658774981i, -0.1321171534799023 + -0.386829060985087i, -0.1676343931983568 + -0.07827660432099527i, -0.07736209833946685 + 0.1734177360661537i, -0.7659850615968435 + -0.05984901248553577i, -0.2400508222477307 + -0.211686353569664i, -0.1796573227565675 + -0.0526148829589656i, -0.06641684803021218 + 0.1743972696443173i, -0.3840260209815947 + 0.1484261293031634i, -0.07207724191235021 + 0.1718371910835118i, 0.1776210268444932 + 0.07092570161796603i, -0.2400508222476891 + -0.2116863535696645i, 0.7654207089252056 + 0.002471022076196761i, -0.04577053055171308 + 0.1829113879512865i, 0.1781693418100821 + 0.05987117135377124i, 0.1792064269449752 + 0.3614547247905632i, -0.2368413739634245 + 0.139302246831016i, 0.1471496926952062 + 0.240588045952989i, -0.1796573227565867 + -0.05261488295897462i, -0.04577053055172329 + 0.1829113879512324i, -0.3623907544849599 + -0.009529635739276234i, -0.3884404334540836 + -0.5738471103750461i, 0.3732928647446021 + -0.1496581718917482i, 0.1198043034436941 + 0.2463190323543892i, 0.2506595315808706 + -0.1273080658775017i, -0.0664168480301704 + 0.1743972696443814i, 0.1781693418101011 + 0.05987117135383091i, -0.3884404334540553 + -0.573847110375069i, 0.3601661343784377 + 0.06426966485418888i;
];
Z = [
3.595229816813956e-013 + -590.4408024119775i, -1.712333945671417e-013 + 25.93369693963057i, 1.793854392252308e-012 + -245.21085997318i, -2.160857256846718e-013 + -39.65923736897114i, 2.50496489478564e-012 + 318.9359810034424i, -1.181225269534322e-014 + 39.32077686575417i, 1.435185224427687e-012 + -273.9235378057026i, -1.481708944841824e-013 + 25.93369693963727i, -5.788834849263406e-014 + 23.09472387970323i, 8.712301331060303e-013 + -133.0461976221593i, -2.239613890650537e-013 + 12.49495407731842i, 1.034861347500149e-012 + -100.4832841431159i, -5.099645625592725e-014 + 4.794118058013533i, 3.552185864099168e-013 + -33.39765261776246i, 1.916463580250075e-012 + -245.2108599733038i, -3.158687084111378e-013 + -133.0461976221526i, -3.893537625615841e-013 + 349.2929075100963i, 3.945123184638238e-013 + -118.1435230519647i, 1.61230806023166e-013 + 950.0994659754786i, -2.293342620534616e-013 + -45.32981724989955i, 9.08598302982264e-013 + 315.7847744656032i, -6.84709581996469e-013 + -39.65923736893981i, 6.806437387901842e-016 + 12.49495407731601i, 5.107953108168479e-013 + -118.1435230519484i, -1.419894220805925e-013 + 45.91059924365371i, 7.525763607186761e-014 + -298.321348262584i, -1.886825453750575e-014 + 18.85123511144308i, -5.146858105713523e-014 + -131.3248913938556i, 4.436943277923377e-012 + 318.935981003239i, -2.921038041034971e-013 + -100.4832841430813i, -1.581440389837103e-012 + 950.0994659751124i, 5.965112350989273e-013 + -298.3213482625025i, -5.613189265651359e-013 + 1580.470581204377i, -3.282387255952768e-013 + -151.599915211542i, 1.490377628729828e-012 + 1056.102811337102i, -5.333321539446553e-013 + 39.32077686579888i, -1.270706938337804e-014 + 4.794118058008503i, 2.400370163652598e-013 + -45.329817249844i, -1.709605544207521e-013 + 18.85123511143191i, 6.348793805233014e-013 + -151.5999152115587i, -1.049699973281506e-013 + 48.11373081355808i, 1.945027589814701e-013 + -171.7997425787593i, 2.467880513485501e-012 + -273.9235378058664i, -2.758016697938233e-013 + -33.39765261774695i, -2.639438942966378e-014 + 315.7847744654804i, 3.031875846126369e-013 + -131.3248913938301i, 3.686654716629728e-013 + 1056.102811337303i, -1.160325256892997e-015 + -171.7997425787914i, 1.166513760207405e-012 + 450.2193729292279i;
];
