% Matlab m-File from Maxwell project
f = zeros(1,1);
S = zeros(1,49);

f(1) = 3700000000;

S = [
0.1022164562041856 + -0.05791946361185215i, 0.4057448124461572 + -0.0001188329737463743i, 0.1512733915124314 + -0.3722461130199436i, -0.3792848976656448 + -0.1682124142537637i, -0.1526017650535306 + 0.375909963678702i, 0.3744806584994585 + 0.1623484062111564i, 0.1577750974031086 + -0.363157896627444i, 0.4057448124461552 + -0.0001188329737648595i, 0.1663864790557077 + 0.3678803898138553i, -0.4425101908380902 + 0.5058120397824135i, 0.01096055094024143 + 0.1869584130560794i, 0.1823756897765938 + -0.01652544793457447i, 0.224686048184698 + 0.166929568960676i, 0.1621062893642887 + -0.2178400514395866i, 0.1512733915124409 + -0.3722461130199257i, -0.4425101908380815 + 0.5058120397824212i, 0.1317378898701566 + -0.3912849597253852i, 0.1755918629076853 + 0.05969929944037573i, 0.05288465091226497 + -0.1734642444810129i, 0.2369592625974915 + -0.1438301652709109i, -0.1393496831757979 + -0.2299805004351065i, -0.3792848976656355 + -0.1682124142537676i, 0.01096055094024586 + 0.1869584130560711i, 0.1755918629076865 + 0.05969929944037206i, -0.08097434571264772 + 0.771650225799868i, -0.2087996547187638 + 0.2100324983663527i, -0.06480561817725114 + 0.1765650880006372i, 0.1712353385337928 + 0.06300046110310217i, -0.1526017650535353 + 0.3759099636786947i, 0.182375689776591 + -0.01652544793457286i, 0.05288465091226917 + -0.1734642444810169i, -0.2087996547187679 + 0.2100324983663641i, 0.02203405911098081 + -0.7843060043713042i, 0.1745741694679177 + 0.05784485074546543i, 0.05624638253310673 + -0.1693092143313648i, 0.3744806584994595 + 0.1623484062111289i, 0.2246860481846894 + 0.1669295689606641i, 0.2369592625974742 + -0.1438301652709162i, -0.06480561817727343 + 0.1765650880006311i, 0.1745741694679138 + 0.05784485074546447i, -0.1548693568343329 + 0.3568586618467339i, -0.6151190167388153 + 0.2816379391513036i, 0.1577750974031285 + -0.3631578966274376i, 0.162106289364311 + -0.2178400514395825i, -0.1393496831758067 + -0.229980500435121i, 0.1712353385337882 + 0.06300046110309741i, 0.0562463825331017 + -0.1693092143313644i, -0.6151190167388568 + 0.2816379391513355i, 0.1383463939422102 + -0.3939928118694643i;
];
Z = [
1.224247475989476e-014 + 246.9818184035393i, 2.869039397894944e-013 + 155.1474701760804i, -3.664955882987876e-013 + -62.34789990117697i, 1.072603904217869e-013 + -153.4437588206014i, 6.247177291916877e-013 + 128.5826016436483i, -6.332879258437502e-014 + 209.4250502629009i, 1.194928549301917e-013 + -177.3550065933286i, 2.010590950568545e-013 + 155.14747017608i, 4.352008450211262e-013 + 57.26497831772114i, 8.493143945112022e-014 + 106.7572282820341i, -1.049163524786645e-014 + -31.65635905353724i, 1.74495095686873e-013 + 26.5273540598746i, 1.952669768804741e-013 + 149.2822853359176i, -3.906376618855363e-013 + -126.4221298306661i, 1.152796309036693e-013 + -62.34789990117179i, -3.826089815974134e-013 + 106.7572282820369i, 0 + -131.8581084156735i, 3.228320609186768e-014 + 12.72149439063199i, -2.768268792347273e-014 + -10.66034110957153i, -4.969392747982638e-014 + -59.99090123666689i, 2.440167902289754e-013 + 50.80426983214851i, 1.114694002269821e-013 + -153.4437588205921i, -9.587454806292971e-014 + -31.656359053533i, 1.034114118970929e-013 + 12.72149439063304i, -8.175665990189387e-014 + 115.7570789585677i, -3.055516389644226e-014 + 0.9122633436459605i, 1.164883398883279e-013 + -42.818352473458i, -1.12878046603976e-013 + 36.26141535257516i, -5.503997403296332e-013 + 128.5826016436434i, -1.588643218809452e-013 + 26.52735405987289i, 6.643282902933548e-014 + -10.6603411095732i, 2.301201326581933e-014 + 0.9122633436465519i, -2.166726349569563e-014 + -85.70988490421284i, -1.538139416889552e-013 + 35.88086721597861i, 8.753806886559878e-014 + -30.38629359377636i, 3.329789894608954e-013 + 209.4250502628876i, 2.22376815227743e-013 + 149.2822853359105i, -1.213167300575759e-013 + -59.99090123666918i, -1.248861129884743e-014 + -42.81835247346152i, 1.874061313332863e-013 + 35.88086721597882i, -9.786697251361274e-015 + 78.78339097679955i, 3.524146615711853e-013 + 29.10565366761577i, 3.583794299537265e-013 + -177.3550065933193i, 3.455714913023522e-013 + -126.4221298306651i, -4.800406722565161e-014 + 50.80426983215356i, -1.707832295038523e-013 + 36.26141535257399i, -9.491855203419686e-015 + -30.38629359377494i, -8.984242752936709e-014 + 29.10565366762624i, -1.239534973899559e-013 + -110.8985667769032i;
];
