% Matlab m-File from Maxwell project
f = zeros(1,1);
S = zeros(1,49);

f(1) = 3700000000;

S = [
0.09913811554008369 + -0.07680566561355942i, 0.1627132358307965 + 0.3732651325320507i, 0.3776082314720713 + -0.1299995262824915i, -0.1209223968671252 + -0.393369379441712i, -0.3853613498319846 + 0.1284425669614547i, 0.1126540077640842 + 0.3828769780663939i, 0.3887727361077085 + -0.1191205706470748i, 0.1627132358308041 + 0.3732651325320398i, -0.3425895716172724 + -0.03311721365807219i, -0.3438519312423013 + -0.6061560948403543i, -0.1776957098706949 + -0.06470000775300627i, -0.0597242135520414 + 0.176844722208663i, -0.2508417429903251 + 0.1238073834724407i, 0.1289812439892689 + 0.2541356214147468i, 0.3776082314720845 + -0.1299995262824901i, -0.3438519312422988 + -0.6061560948403498i, 0.3575455105880174 + 0.07551528584700293i, -0.07709963567675013 + 0.1686876080653904i, 0.1682432813324903 + 0.07216863470328329i, 0.1015002430314957 + 0.2548870253653902i, 0.2585104545711238 + -0.1063019641354898i, -0.1209223968671153 + -0.3933693794417286i, -0.1776957098706881 + -0.06470000775302481i, -0.07709963567676482 + 0.1686876080653759i, -0.7578021051313567 + -0.08342598328189899i, -0.2439053905359729 + -0.2209369841273211i, -0.1663096241726086 + -0.08458713882099518i, -0.08428113683592427 + 0.1703892165572707i, -0.3853613498319981 + 0.128442566961474i, -0.0597242135520268 + 0.1768447222086911i, 0.1682432813325134 + 0.0721686347032751i, -0.2439053905359216 + -0.2209369841273212i, 0.7664964503792237 + 0.0412477120488151i, -0.07961220592562961 + 0.1660703530539145i, 0.1700888755056257 + 0.07921566950121667i, 0.1126540077640805 + 0.3828769780663981i, -0.2508417429903462 + 0.1238073834724457i, 0.1015002430315182 + 0.254887025365435i, -0.1663096241725932 + -0.08458713882099458i, -0.07961220592563723 + 0.1660703530539231i, -0.349383502211673 + -0.1064598762254392i, -0.2450833271787151 + -0.6519164334259849i, 0.3887727361077546 + -0.1191205706470881i, 0.1289812439892665 + 0.2541356214147312i, 0.2585104545711341 + -0.1063019641355014i, -0.08428113683592738 + 0.170389216557277i, 0.1700888755056534 + 0.07921566950121405i, -0.2450833271787041 + -0.6519164334259902i, 0.3274798385986794 + 0.1080377253666115i;
];
Z = [
1.258857578151684e-013 + -682.095715891003i, -4.69611374196127e-013 + 35.18070092549313i, 1.023920761439239e-012 + -315.8844142382955i, -6.180693568021049e-015 + -36.9144639614964i, 1.646250584012601e-012 + 353.2443875499906i, 2.25537669288901e-013 + 21.21439775504478i, 8.037177011759134e-013 + -288.576205658613i, 2.770555107748796e-013 + 35.18070092548686i, 7.782974440645236e-014 + 34.50008741039358i, -1.101399035449464e-012 + -130.8208326593025i, 1.630442188532546e-013 + 7.849554698267325i, -1.647395328940405e-012 + -75.11449008625246i, 1.730505710353968e-014 + 0.858152534133138i, -7.431894212783564e-013 + -11.67332207266411i, 9.242699852696788e-013 + -315.8844142382999i, 6.725844475823057e-014 + -130.8208326592999i, 2.808359547789738e-012 + 199.087478030133i, 1.695616297557871e-013 + -70.48046372151993i, 2.367220061376351e-012 + 674.4464236673155i, 8.023442275436276e-014 + -7.705277131124791i, 1.731557118525304e-012 + 104.8137459281203i, 3.623729045251652e-014 + -36.91446396151361i, 1.20350490956703e-013 + 7.849554698270619i, -7.343118975946301e-013 + -70.48046372155082i, -2.208730743066737e-013 + 28.28767382059377i, -2.253007762735516e-013 + -192.2183249286194i, -7.275288853213475e-014 + 4.75168399804596i, -3.670986081492368e-013 + -64.63643800940072i, 6.116797426727558e-013 + 353.2443875500391i, -9.756360785721439e-014 + -75.11449008625939i, 4.200358856998756e-012 + 674.4464236673584i, 7.165289411376271e-013 + -192.2183249285939i, 4.188950317425928e-012 + 843.7409024877385i, 6.526858953701423e-014 + -45.47013612367381i, 2.160361966007342e-012 + 618.5233773530312i, 9.942975253181202e-014 + 21.21439775504228i, 4.897680996053405e-015 + 0.8581525341328804i, -2.818541792927846e-013 + -7.705277131125049i, -3.495952676512991e-014 + 4.751683998046389i, -5.435431300953724e-013 + -45.47013612368338i, 8.367116677274839e-014 + 14.26394503708372i, -4.806224244047577e-013 + -108.3445612432919i, 1.061068647886095e-012 + -288.5762056586215i, -3.283498308495711e-013 + -11.67332207266891i, 2.431117044060193e-012 + 104.8137459281521i, 3.791472927546878e-013 + -64.63643800938714i, 1.918194215477568e-012 + 618.5233773530648i, 4.006155222771901e-013 + -108.34456124329i, 1.304904578842357e-012 + 155.2367261618222i;
];
