% Matlab m-File from Maxwell project
f = zeros(1,1);
S = zeros(1,49);

f(1) = 3700000000;

S = [
0.08679114208327253 + -0.07240953915044715i, 0.2669225023337906 + 0.3038289263153934i, 0.3209058358340531 + -0.2429694934215118i, -0.2427289240736145 + -0.3341132567670418i, -0.3205586978085212 + 0.2475308828914701i, 0.2364895059903964 + 0.3265892685263384i, 0.3239179055625732 + -0.2440506615690176i, 0.2669225023336153 + 0.3038289263153704i, -0.34680117684391 + 0.1542502140087435i, -0.5982213635851502 + -0.3251293989783075i, -0.1791407636373984 + 0.0553899819715845i, 0.05943875625299917 + 0.174018550181736i, -0.1224820401722349 + 0.25386347774989i, 0.2576294168096237 + 0.1183297672310914i, 0.3209058358340409 + -0.2429694934213422i, -0.5982213635851323 + -0.3251293989783384i, 0.3689958616388188 + -0.1077602554057845i, 0.04201851154226607 + 0.1818290641047836i, 0.1770375776469975 + -0.04640811772192814i, 0.2431296702955688 + 0.1399501447446072i, 0.1361009849722063 + -0.2471683362718291i, -0.2427289240735704 + -0.334113256767116i, -0.179140763637359 + 0.05538998197164771i, 0.04201851154231834 + 0.1818290641047264i, -0.6907150044859296 + 0.3613210801490305i, -0.2795715533156506 + -0.06443388658843706i, -0.1820856216578979 + 0.03740865938797573i, 0.04109236668806795 + 0.1823976160688596i, -0.3205586978089333 + 0.2475308828920474i, 0.05943875625259899 + 0.1740185501816486i, 0.1770375776469554 + -0.04640811772142242i, -0.2795715533158639 + -0.06443388658868655i, 0.6705859232743503 + -0.4120762915479105i, 0.04189653271519551 + 0.177421370779732i, 0.1776214963201599 + -0.04551655194195816i, 0.2364895059904266 + 0.3265892685265275i, -0.1224820401721414 + 0.2538634777498319i, 0.2431296702954909 + 0.1399501447445279i, -0.1820856216579341 + 0.03740865938809247i, 0.04189653271507112 + 0.17742137077874i, -0.3776794316905857 + 0.08771749189297046i, -0.5588174029192838 + -0.3858293964456044i, 0.3239179055626023 + -0.2440506615692965i, 0.2576294168095561 + 0.1183297672310467i, 0.1361009849721681 + -0.2471683362717486i, 0.04109236668819841 + 0.1823976160687779i, 0.1776214963197582 + -0.04551655194105211i, -0.5588174029194311 + -0.3858293964456624i, 0.3697326033860096 + -0.09541443225369037i;
];
Z = [
-2.904175181697762e-013 + -216.5891553472144i, -1.233025410023126e-013 + 69.09065659951381i, -6.165537009863914e-013 + -170.5017412395814i, 3.42986193226796e-013 + -62.09893600914502i, 7.342854882243392e-013 + 154.5045358037634i, -4.839683184009226e-013 + 56.3907310095477i, 1.749686267982194e-013 + -150.1088728060325i, 4.223461872559499e-013 + 69.09065659938509i, -2.039704494829052e-013 + 92.60099601195417i, -6.599482767588935e-014 + -104.4975703385123i, -1.964409019789505e-014 + -14.41514053686899i, 2.728398347231507e-013 + 35.86542320243957i, 1.045927100580315e-013 + -35.94619942482006i, 6.85624623017099e-013 + 95.68671274175358i, 8.680482585063894e-014 + -170.5017412392929i, 8.349393402673141e-013 + -104.497570338524i, -5.706325359112382e-013 + -11.58729062848419i, -1.375597477500877e-013 + 35.57364747410512i, 1.751058416778003e-013 + -88.50860095082702i, -5.881563648932249e-013 + 88.70793700922239i, 1.551991697713183e-013 + -236.1354196482342i, 2.682920725058444e-013 + -62.09893600918679i, 1.533326984115956e-013 + -14.41514053685591i, -1.102152054281725e-013 + 35.57364747407901i, -6.47343958283876e-014 + 27.72261064006192i, -2.731940641439416e-013 + 24.49610085987209i, 7.232454926807965e-014 + -11.64299194487141i, -4.795581789464072e-014 + 30.99297620832528i, -3.939672048895398e-013 + 154.50453580408i, -2.925720318166202e-013 + 35.8654232022398i, 1.13156928616271e-013 + -88.50860095040315i, 2.109190763524895e-013 + 24.49610085983256i, 4.602654025263106e-013 + -319.1245727600338i, -2.191910633484936e-013 + 28.96821088786822i, 1.94129698912936e-013 + -77.11171451728644i, -7.630146143404011e-014 + 56.39073100974157i, 2.300664162276749e-013 + -35.94619942476194i, 1.438010717832531e-013 + 88.70793700908946i, -9.47610103385273e-015 + -11.64299194483674i, 1.705988507073535e-013 + 28.96821088744696i, -1.73320260469215e-013 + 71.1020587314607i, -3.466209567311592e-013 + -94.88745510967107i, 6.352363032505366e-013 + -150.1088728063103i, -7.421917018231639e-013 + 95.68671274165838i, 2.126215968002732e-013 + -236.1354196480224i, -1.142035332819801e-013 + 30.99297620827424i, 1.315565232300143e-014 + -77.11171451666819i, 3.900636235773255e-013 + -94.8874551096566i, 3.363728414432419e-013 + -7.009073363653203i;
];
