% Matlab m-File from Maxwell project
f = zeros(1,1);
S = zeros(1,49);

f(1) = 3700000000;

S = [
0.1030169404594074 + -0.08261760998997886i, 0.1624405368407022 + 0.3687982664243609i, 0.3766430714325693 + -0.1363985410525923i, -0.1215410207128926 + -0.3900219327791871i, -0.387119761742415 + 0.1388233748938671i, 0.1176270336486392 + 0.3800008825760057i, 0.3867614863060699 + -0.125912595499564i, 0.1624405368407728 + 0.3687982664243451i, -0.3546722991530658 + -0.03523871693543678i, -0.3477200691150887 + -0.6016916144230514i, -0.1772454072348543 + -0.06303802555905623i, -0.05587050009388559 + 0.1809533971760021i, -0.2451687202469151 + 0.1278177115244772i, 0.1343262635080393 + 0.2487582617034584i, 0.3766430714325596 + -0.136398541052478i, -0.3477200691151358 + -0.6016916144229872i, 0.3541872806331017 + 0.07894050797470144i, -0.07439205700719061 + 0.1715633429999162i, 0.1757209307837329 + 0.06753193139930612i, 0.1103423043331839 + 0.251712173569706i, 0.2557081457831112 + -0.116556816604345i, -0.1215410207129193 + -0.3900219327792008i, -0.1772454072348592 + -0.06303802555903358i, -0.07439205700720786 + 0.1715633429999643i, -0.7614418231934369 + -0.08159923642024602i, -0.2412385392815733 + -0.2189846829068819i, -0.1661107516524324 + -0.08186572846803988i, -0.0812286944455731 + 0.171048228834523i, -0.3871197617423908 + 0.1388233748938813i, -0.05587050009389021 + 0.1809533971759274i, 0.1757209307837065 + 0.06753193139935795i, -0.2412385392815675 + -0.2189846829068615i, 0.762824706487294 + 0.02041321789121557i, -0.07528072849230941 + 0.1705543435373257i, 0.1754934016153162 + 0.07443014161201514i, 0.117627033648595 + 0.3800008825760037i, -0.245168720246937 + 0.1278177115244289i, 0.1103423043332066 + 0.2517121735697005i, -0.1661107516524358 + -0.08186572846799468i, -0.07528072849229459 + 0.1705543435372841i, -0.3523070156448134 + -0.08559193031349115i, -0.2769476725114277 + -0.6423291386588027i, 0.3867614863060355 + -0.1259125954995923i, 0.1343262635080043 + 0.2487582617034432i, 0.2557081457830695 + -0.1165568166043762i, -0.08122869444556073 + 0.1710482288345277i, 0.1754934016152769 + 0.07443014161202845i, -0.2769476725113873 + -0.6423291386587702i, 0.3262396314835587 + 0.08804996107079964i;
];
Z = [
-4.295221654894594e-013 + -636.7977247656032i, 2.290461935956977e-013 + 33.29748187515786i, -5.633738526915146e-014 + -286.7531323844664i, 1.209454162404554e-013 + -39.14885102694012i, -6.096677207309863e-013 + 337.071179256952i, 4.308205806243907e-015 + 26.85203931074948i, 6.951832673445476e-013 + -265.900901133347i, 1.535711415414051e-013 + 33.29748187507461i, -3.358410628616808e-014 + 35.67530474699051i, 2.74112257779685e-013 + -141.0537010075595i, -9.007074625754039e-014 + 10.82303761001078i, 5.942478163705021e-013 + -93.18623557448271i, 8.33844836730558e-015 + 2.225195069632797i, 2.41242607874402e-013 + -22.03488452916745i, -1.178511156194016e-012 + -286.7531323842709i, 3.977249861163675e-013 + -141.0537010075291i, -1.372209638002142e-012 + 293.1513467458387i, 3.146398542399449e-013 + -93.20644431395694i, -2.110050126562455e-012 + 802.506467238523i, -3.503535141102688e-013 + -19.16305990630345i, -4.52772556608429e-013 + 189.761256486001i, 4.438050984814159e-013 + -39.14885102697207i, -1.154062281637397e-013 + 10.82303761001516i, 2.447571912349221e-013 + -93.20644431396185i, -8.973494684012541e-014 + 34.46288175795706i, 2.985618347076044e-013 + -230.4637346058397i, 1.683781167382647e-013 + 8.712714614778589i, 1.833914964929443e-014 + -86.27721090569887i, 5.633152737586353e-013 + 337.0711792571888i, 1.08061466911847e-013 + -93.18623557453653i, 1.729057102931382e-012 + 802.5064672386457i, -4.274366130488749e-013 + -230.4637346058379i, 2.136515905267096e-012 + 1107.389842737984i, -1.090385876490082e-012 + -75.01637766924951i, 2.373110004974471e-012 + 742.8458434994124i, -1.004119164270382e-013 + 26.85203931076433i, -1.973031940912852e-014 + 2.225195069626819i, -3.745576072121903e-014 + -19.16305990627679i, -3.844839327786026e-014 + 8.712714614776623i, 3.24417244489147e-013 + -75.0163776692353i, -4.802929590874822e-014 + 20.94337411557i, 1.810929187753963e-013 + -120.5563268253909i, -7.058871552948507e-013 + -265.9009011332235i, 3.445285876171282e-013 + -22.03488452913102i, -9.994623492917559e-015 + 189.7612564858949i, -5.324535277637094e-014 + -86.27721090566445i, 1.295706938120615e-014 + 742.8458434991679i, -3.616906749088056e-013 + -120.5563268253978i, 8.345703512428531e-013 + 237.9864330549515i;
];
