% Matlab m-File exported from HFSS13.0.2 
% Note: In three-dimensional arrays, like S(i,j,k), the first index corresponds to the frequency.
%       So, S(N,j,k) is an S(j,k) matrix for frequency N.

f = zeros(1,1);
S = zeros(1,5,5);

f = [5000000000 ];
S(1,:,:) = [    3.084713E-002 +    2.800262E-003i,   -2.378535E-001 -    4.550016E-001i,   -2.204350E-001 -    4.509353E-001i,   -2.132608E-001 -    4.479533E-001i,   -1.968017E-001 -    4.456819E-001i;  -2.378535E-001 -    4.550016E-001i,   -6.828829E-001 +    2.514889E-001i,    2.637100E-001 -    4.285769E-002i,    2.429952E-001 -    9.969328E-002i,    2.300461E-001 -    1.163492E-001i;  -2.204350E-001 -    4.509353E-001i,    2.637100E-001 -    4.285769E-002i,   -7.210483E-001 +    1.655985E-001i,    2.521357E-001 -    3.927219E-002i,    2.291266E-001 -    1.083454E-001i;  -2.132608E-001 -    4.479533E-001i,    2.429952E-001 -    9.969328E-002i,    2.521357E-001 -    3.927219E-002i,   -7.288811E-001 +    1.650356E-001i,    2.414883E-001 -    5.419027E-002i;  -1.968017E-001 -    4.456819E-001i,    2.300461E-001 -    1.163492E-001i,    2.291266E-001 -    1.083454E-001i,    2.414883E-001 -    5.419027E-002i,   -7.188587E-001 +    2.322275E-001i];
