% Matlab m-File exported from HFSS12.0.0 
% Note: In three-dimensional arrays, like S(i,j,k), the first index corresponds to the frequency.
%       So, S(N,j,k) is an S(j,k) matrix for frequency N.

S = zeros(1,5,5);

f = 5e9;

S(1,:,:) = [   -7.330209E-003 +    5.879490E-003i,   -4.788445E-001 +    1.426491E-001i,    4.831121E-001 -    1.413489E-001i,    4.778584E-001 -    1.351837E-001i,   -4.794875E-001 +    1.426975E-001i;  -4.788445E-001 +    1.426491E-001i,   -7.133236E-001 +    2.221314E-001i,   -2.524121E-001 +    3.673980E-002i,   -2.359709E-001 +    8.852215E-002i,    2.349954E-001 -    9.156043E-002i;   4.831121E-001 -    1.413489E-001i,   -2.524121E-001 +    3.673980E-002i,   -7.281548E-001 +    1.493687E-001i,    2.514724E-001 -    2.620479E-002i,   -2.400010E-001 +    8.669184E-002i;   4.778584E-001 -    1.351837E-001i,   -2.359709E-001 +    8.852215E-002i,    2.514724E-001 -    2.620479E-002i,   -7.355432E-001 +    1.467054E-001i,   -2.487898E-001 +    3.860839E-002i;  -4.794875E-001 +    1.426975E-001i,    2.349954E-001 -    9.156043E-002i,   -2.400010E-001 +    8.669184E-002i,   -2.487898E-001 +    3.860839E-002i,   -7.128798E-001 +    2.223117E-001i];
