% Matlab m-File exported from HFSS11.0 
% Note: In three-dimensional arrays, like S(i,j,k), the first index corresponds to the frequency.
%       So, S(N,j,k) is an S(j,k) matrix for frequency N.

f = zeros(1,1);
S = zeros(1,16,16);

f = [4600000000 ];
S(1,:,:) = [   -4.263618E-004 +    3.233903E-004i,    0.000000E+000 +    0.000000E+000i,    0.000000E+000 +    0.000000E+000i,    0.000000E+000 +    0.000000E+000i,    0.000000E+000 +    0.000000E+000i,    0.000000E+000 +    0.000000E+000i,    0.000000E+000 +    0.000000E+000i,    0.000000E+000 +    0.000000E+000i,   -2.343195E-001 -    9.721595E-001i,    0.000000E+000 +    0.000000E+000i,    0.000000E+000 +    0.000000E+000i,    0.000000E+000 +    0.000000E+000i,    0.000000E+000 +    0.000000E+000i,    0.000000E+000 +    0.000000E+000i,    0.000000E+000 +    0.000000E+000i,    0.000000E+000 +    0.000000E+000i;   0.000000E+000 +    0.000000E+000i,   -5.527254E-004 +    2.300219E-004i,    0.000000E+000 +    0.000000E+000i,    0.000000E+000 +    0.000000E+000i,    0.000000E+000 +    0.000000E+000i,    0.000000E+000 +    0.000000E+000i,    0.000000E+000 +    0.000000E+000i,    0.000000E+000 +    0.000000E+000i,    0.000000E+000 +    0.000000E+000i,   -2.349736E-001 -    9.714790E-001i,    0.000000E+000 +    0.000000E+000i,    0.000000E+000 +    0.000000E+000i,    0.000000E+000 +    0.000000E+000i,    0.000000E+000 +    0.000000E+000i,    0.000000E+000 +    0.000000E+000i,    0.000000E+000 +    0.000000E+000i;   0.000000E+000 +    0.000000E+000i,    0.000000E+000 +    0.000000E+000i,   -4.444641E-004 +    7.595666E-006i,    0.000000E+000 +    0.000000E+000i,    0.000000E+000 +    0.000000E+000i,    0.000000E+000 +    0.000000E+000i,    0.000000E+000 +    0.000000E+000i,    0.000000E+000 +    0.000000E+000i,    0.000000E+000 +    0.000000E+000i,    0.000000E+000 +    0.000000E+000i,   -2.354713E-001 -    9.708366E-001i,    0.000000E+000 +    0.000000E+000i,    0.000000E+000 +    0.000000E+000i,    0.000000E+000 +    0.000000E+000i,    0.000000E+000 +    0.000000E+000i,    0.000000E+000 +    0.000000E+000i;   0.000000E+000 +    0.000000E+000i,    0.000000E+000 +    0.000000E+000i,    0.000000E+000 +    0.000000E+000i,   -5.087085E-004 +    2.071257E-004i,    0.000000E+000 +    0.000000E+000i,    0.000000E+000 +    0.000000E+000i,    0.000000E+000 +    0.000000E+000i,    0.000000E+000 +    0.000000E+000i,    0.000000E+000 +    0.000000E+000i,    0.000000E+000 +    0.000000E+000i,    0.000000E+000 +    0.000000E+000i,   -2.351871E-001 -    9.709052E-001i,    0.000000E+000 +    0.000000E+000i,    0.000000E+000 +    0.000000E+000i,    0.000000E+000 +    0.000000E+000i,    0.000000E+000 +    0.000000E+000i;   0.000000E+000 +    0.000000E+000i,    0.000000E+000 +    0.000000E+000i,    0.000000E+000 +    0.000000E+000i,    0.000000E+000 +    0.000000E+000i,   -8.973823E-004 +    1.564991E-004i,    0.000000E+000 +    0.000000E+000i,    0.000000E+000 +    0.000000E+000i,    0.000000E+000 +    0.000000E+000i,    0.000000E+000 +    0.000000E+000i,    0.000000E+000 +    0.000000E+000i,    0.000000E+000 +    0.000000E+000i,    0.000000E+000 +    0.000000E+000i,   -2.349699E-001 -    9.709577E-001i,    0.000000E+000 +    0.000000E+000i,    0.000000E+000 +    0.000000E+000i,    0.000000E+000 +    0.000000E+000i;   0.000000E+000 +    0.000000E+000i,    0.000000E+000 +    0.000000E+000i,    0.000000E+000 +    0.000000E+000i,    0.000000E+000 +    0.000000E+000i,    0.000000E+000 +    0.000000E+000i,   -4.145832E-004 +    4.942853E-004i,    0.000000E+000 +    0.000000E+000i,    0.000000E+000 +    0.000000E+000i,    0.000000E+000 +    0.000000E+000i,    0.000000E+000 +    0.000000E+000i,    0.000000E+000 +    0.000000E+000i,    0.000000E+000 +    0.000000E+000i,    0.000000E+000 +    0.000000E+000i,   -2.349784E-001 -    9.709557E-001i,    0.000000E+000 +    0.000000E+000i,    0.000000E+000 +    0.000000E+000i;   0.000000E+000 +    0.000000E+000i,    0.000000E+000 +    0.000000E+000i,    0.000000E+000 +    0.000000E+000i,    0.000000E+000 +    0.000000E+000i,    0.000000E+000 +    0.000000E+000i,    0.000000E+000 +    0.000000E+000i,   -7.426740E-004 +    2.911138E-004i,    0.000000E+000 +    0.000000E+000i,    0.000000E+000 +    0.000000E+000i,    0.000000E+000 +    0.000000E+000i,    0.000000E+000 +    0.000000E+000i,    0.000000E+000 +    0.000000E+000i,    0.000000E+000 +    0.000000E+000i,    0.000000E+000 +    0.000000E+000i,   -2.356448E-001 -    9.707943E-001i,    0.000000E+000 +    0.000000E+000i;   0.000000E+000 +    0.000000E+000i,    0.000000E+000 +    0.000000E+000i,    0.000000E+000 +    0.000000E+000i,    0.000000E+000 +    0.000000E+000i,    0.000000E+000 +    0.000000E+000i,    0.000000E+000 +    0.000000E+000i,    0.000000E+000 +    0.000000E+000i,    2.204748E-004 -    6.501473E-004i,    0.000000E+000 +    0.000000E+000i,    0.000000E+000 +    0.000000E+000i,    0.000000E+000 +    0.000000E+000i,    0.000000E+000 +    0.000000E+000i,    0.000000E+000 +    0.000000E+000i,    0.000000E+000 +    0.000000E+000i,    0.000000E+000 +    0.000000E+000i,   -2.352873E-001 -    9.708812E-001i;  -2.343195E-001 -    9.721595E-001i,   -0.000000E+000 +    0.000000E+000i,   -0.000000E+000 +    0.000000E+000i,   -0.000000E+000 +    0.000000E+000i,   -0.000000E+000 +    0.000000E+000i,   -0.000000E+000 +    0.000000E+000i,   -0.000000E+000 +    0.000000E+000i,   -0.000000E+000 +    0.000000E+000i,   -5.268765E-004 -    9.363129E-005i,   -0.000000E+000 +    0.000000E+000i,   -0.000000E+000 +    0.000000E+000i,   -0.000000E+000 +    0.000000E+000i,   -0.000000E+000 +    0.000000E+000i,   -0.000000E+000 +    0.000000E+000i,   -0.000000E+000 +    0.000000E+000i,   -0.000000E+000 +    0.000000E+000i;  -0.000000E+000 +    0.000000E+000i,   -2.349736E-001 -    9.714790E-001i,   -0.000000E+000 +    0.000000E+000i,   -0.000000E+000 +    0.000000E+000i,   -0.000000E+000 +    0.000000E+000i,   -0.000000E+000 +    0.000000E+000i,   -0.000000E+000 +    0.000000E+000i,   -0.000000E+000 +    0.000000E+000i,   -0.000000E+000 +    0.000000E+000i,   -5.966516E-004 +    4.852431E-005i,   -0.000000E+000 +    0.000000E+000i,   -0.000000E+000 +    0.000000E+000i,   -0.000000E+000 +    0.000000E+000i,   -0.000000E+000 +    0.000000E+000i,   -0.000000E+000 +    0.000000E+000i,   -0.000000E+000 +    0.000000E+000i;   0.000000E+000 +    0.000000E+000i,    0.000000E+000 +    0.000000E+000i,   -2.354713E-001 -    9.708366E-001i,    0.000000E+000 +    0.000000E+000i,    0.000000E+000 +    0.000000E+000i,    0.000000E+000 +    0.000000E+000i,    0.000000E+000 +    0.000000E+000i,    0.000000E+000 +    0.000000E+000i,    0.000000E+000 +    0.000000E+000i,    0.000000E+000 +    0.000000E+000i,   -3.984154E-004 +    1.977149E-004i,    0.000000E+000 +    0.000000E+000i,    0.000000E+000 +    0.000000E+000i,    0.000000E+000 +    0.000000E+000i,    0.000000E+000 +    0.000000E+000i,    0.000000E+000 +    0.000000E+000i;   0.000000E+000 +    0.000000E+000i,    0.000000E+000 +    0.000000E+000i,    0.000000E+000 +    0.000000E+000i,   -2.351871E-001 -    9.709052E-001i,    0.000000E+000 +    0.000000E+000i,    0.000000E+000 +    0.000000E+000i,    0.000000E+000 +    0.000000E+000i,    0.000000E+000 +    0.000000E+000i,    0.000000E+000 +    0.000000E+000i,    0.000000E+000 +    0.000000E+000i,    0.000000E+000 +    0.000000E+000i,   -5.465220E-004 +    4.931706E-005i,    0.000000E+000 +    0.000000E+000i,    0.000000E+000 +    0.000000E+000i,    0.000000E+000 +    0.000000E+000i,    0.000000E+000 +    0.000000E+000i;   0.000000E+000 +    0.000000E+000i,    0.000000E+000 +    0.000000E+000i,    0.000000E+000 +    0.000000E+000i,    0.000000E+000 +    0.000000E+000i,   -2.349699E-001 -    9.709577E-001i,    0.000000E+000 +    0.000000E+000i,    0.000000E+000 +    0.000000E+000i,    0.000000E+000 +    0.000000E+000i,    0.000000E+000 +    0.000000E+000i,    0.000000E+000 +    0.000000E+000i,    0.000000E+000 +    0.000000E+000i,    0.000000E+000 +    