% Matlab m-File exported from HFSS11.0 
% Note: In three-dimensional arrays, like S(i,j,k), the first index corresponds to the frequency.
%       So, S(N,j,k) is an S(j,k) matrix for frequency N.

f = zeros(1,1);
S = zeros(1,9,9);

f = [3700000000 ];
S(1,:,:) = [   -5.723578E-002 +    3.209598E-002i,   -9.193780E-002 +    3.481565E-001i,   -3.457089E-001 -    9.774312E-002i,    9.461957E-002 -    3.486368E-001i,    3.426460E-001 +    1.119372E-001i,   -1.765467E-001 +    2.963938E-001i,   -2.863484E-001 -    1.911393E-001i,    1.812898E-001 -    2.947895E-001i,    2.904998E-001 +    1.865977E-001i;  -9.193780E-002 +    3.481565E-001i,   -3.279966E-001 -    4.578417E-001i,    1.909372E-002 +    5.745381E-001i,    2.867785E-001 -    4.490388E-002i,    3.023567E-002 +    2.880621E-001i,    4.969417E-002 +    1.055856E-001i,   -1.077762E-001 +    4.411632E-002i,   -4.834684E-002 -    1.066119E-001i,    1.072884E-001 -    4.613970E-002i;  -3.457089E-001 -    9.774312E-002i,    1.909372E-002 +    5.745381E-001i,    3.145555E-001 +    4.689118E-001i,    3.982576E-002 +    2.868521E-001i,   -2.878784E-001 +    2.517134E-002i,   -1.061872E-001 +    4.774308E-002i,   -4.214099E-002 -    1.082757E-001i,    1.071876E-001 -    4.638128E-002i,    4.416785E-002 +    1.078242E-001i;   9.461957E-002 -    3.486368E-001i,    2.867785E-001 -    4.490388E-002i,    3.982576E-002 +    2.868521E-001i,   -3.395897E-001 -    4.260948E-001i,    2.699115E-002 +    5.906695E-001i,   -4.912842E-002 -    1.062635E-001i,    1.084227E-001 -    4.351775E-002i,    4.776975E-002 +    1.072838E-001i,   -1.079473E-001 +    4.555093E-002i;   3.426460E-001 +    1.119372E-001i,    3.023567E-002 +    2.880621E-001i,   -2.878784E-001 +    2.517134E-002i,    2.699115E-002 +    5.906695E-001i,    2.972391E-001 +    4.583180E-001i,    1.083833E-001 -    4.358119E-002i,    3.788060E-002 +    1.102512E-001i,   -1.093314E-001 +    4.217557E-002i,   -3.993083E-002 -    1.098803E-001i;  -1.765467E-001 +    2.963938E-001i,    4.969417E-002 +    1.055856E-001i,   -1.061872E-001 +    4.774308E-002i,   -4.912842E-002 -    1.062635E-001i,    1.083833E-001 -    4.358119E-002i,    4.013846E-001 -    2.528200E-001i,   -4.457152E-001 -    3.200964E-001i,    8.575904E-002 +    3.783503E-001i,   -3.790726E-001 +    7.814284E-002i;  -2.863484E-001 -    1.911393E-001i,   -1.077762E-001 +    4.411632E-002i,   -4.214099E-002 -    1.082757E-001i,    1.084227E-001 -    4.351775E-002i,    3.788060E-002 +    1.102512E-001i,   -4.457152E-001 -    3.200964E-001i,   -4.266056E-001 +    2.120844E-001i,   -3.814695E-001 +    6.608281E-002i,   -5.845527E-002 -    3.817991E-001i;   1.812898E-001 -    2.947895E-001i,   -4.834684E-002 -    1.066119E-001i,    1.071876E-001 -    4.638128E-002i,    4.776975E-002 +    1.072838E-001i,   -1.093314E-001 +    4.217557E-002i,    8.575904E-002 +    3.783503E-001i,   -3.814695E-001 +    6.608281E-002i,    3.719074E-001 -    2.771361E-001i,   -4.789461E-001 -    2.836669E-001i;   2.904998E-001 +    1.865977E-001i,    1.072884E-001 -    4.613970E-002i,    4.416785E-002 +    1.078242E-001i,   -1.079473E-001 +    4.555093E-002i,   -3.993083E-002 -    1.098803E-001i,   -3.790726E-001 +    7.814284E-002i,   -5.845527E-002 -    3.817991E-001i,   -4.789461E-001 -    2.836669E-001i,   -3.838535E-001 +    2.645548E-001i];


% modif JH 25/09/2008 : compatibilite avec ALOHA
S = reshape(S,1,length(S)*length(S)); 
