% Matlab m-File exported from HFSS11.0 
% Note: In three-dimensional arrays, like S(i,j,k), the first index corresponds to the frequency.
%       So, S(N,j,k) is an S(j,k) matrix for frequency N.

f = zeros(1,1);
S = zeros(1,9,9);

f = [3700000000 ];
S(1,:,:) = [   -5.791334E-002 +    2.119501E-003i,   -3.197367E-001 +    1.604138E-001i,   -1.438866E-001 -    3.265253E-001i,    3.269143E-001 -    1.478369E-001i,    1.307755E-001 +    3.332180E-001i,   -2.799978E-001 +    2.065360E-001i,   -1.917009E-001 -    2.893372E-001i,    2.821126E-001 -    2.053979E-001i,    1.998643E-001 +    2.850392E-001i;  -3.197367E-001 +    1.604138E-001i,    4.791763E-001 -    2.972852E-001i,   -5.697747E-001 -    4.250213E-002i,    1.608652E-002 +    2.931291E-001i,   -2.928916E-001 +    1.205939E-003i,   -8.280002E-002 +    8.392486E-002i,   -7.945314E-002 -    8.670990E-002i,    8.356799E-002 -    8.365568E-002i,    8.195829E-002 +    8.483993E-002i;  -1.438866E-001 -    3.265253E-001i,   -5.697747E-001 -    4.250213E-002i,   -5.067941E-001 +    2.508626E-001i,   -2.928293E-001 +    1.426640E-003i,    1.338622E-002 -    2.918516E-001i,   -7.948575E-002 -    8.666896E-002i,    9.034144E-002 -    7.483609E-002i,    7.917933E-002 +    8.742064E-002i,   -8.860326E-002 +    7.742496E-002i;   3.269143E-001 -    1.478369E-001i,    1.608652E-002 +    2.931291E-001i,   -2.928293E-001 +    1.426640E-003i,    4.666274E-001 -    2.813169E-001i,   -5.860872E-001 -    5.475722E-002i,    8.637203E-002 -    8.075982E-002i,    7.612035E-002 +    9.010963E-002i,   -8.713078E-002 +    8.045901E-002i,   -7.870652E-002 -    8.833687E-002i;   1.307755E-001 +    3.332180E-001i,   -2.928916E-001 +    1.205939E-003i,    1.338622E-002 -    2.918516E-001i,   -5.860872E-001 -    5.475722E-002i,   -4.930993E-001 +    2.353170E-001i,    7.610262E-002 +    9.014621E-002i,   -9.363580E-002 +    7.129078E-002i,   -7.576452E-002 -    9.088703E-002i,    9.200017E-002 -    7.395732E-002i;  -2.799978E-001 +    2.065360E-001i,   -8.280002E-002 +    8.392486E-002i,   -7.948575E-002 -    8.666896E-002i,    8.637203E-002 -    8.075982E-002i,    7.610262E-002 +    9.014621E-002i,   -2.368590E-001 -    4.188799E-001i,    1.350301E-001 +    7.382556E-001i,    9.816163E-002 -    6.817300E-002i,    6.625602E-002 +    9.912140E-002i;  -1.917009E-001 -    2.893372E-001i,   -7.945314E-002 -    8.670990E-002i,    9.034144E-002 -    7.483609E-002i,    7.612035E-002 +    9.010963E-002i,   -9.363580E-002 +    7.129078E-002i,    1.350301E-001 +    7.382556E-001i,    1.971522E-001 +    4.401076E-001i,    6.298782E-002 +    1.012231E-001i,   -1.020829E-001 +    6.102972E-002i;   2.821126E-001 -    2.053979E-001i,    8.356799E-002 -    8.365568E-002i,    7.917933E-002 +    8.742064E-002i,   -8.713078E-002 +    8.045901E-002i,   -7.576452E-002 -    9.088703E-002i,    9.816163E-002 -    6.817300E-002i,    6.298782E-002 +    1.012231E-001i,   -2.409677E-001 -    3.827110E-001i,    1.880877E-001 +    7.442160E-001i;   1.998643E-001 +    2.850392E-001i,    8.195829E-002 +    8.483993E-002i,   -8.860326E-002 +    7.742496E-002i,   -7.870652E-002 -    8.833687E-002i,    9.200017E-002 -    7.395732E-002i,    6.625602E-002 +    9.912140E-002i,   -1.020829E-001 +    6.102972E-002i,    1.880877E-001 +    7.442160E-001i,    2.307797E-001 +    3.902061E-001i];


% modif JH 25/09/2008 : compatibilite avec ALOHA
S = reshape(S,1,length(S)*length(S)); 
