% Matlab m-File exported from HFSS11.0 
% Note: In three-dimensional arrays, like S(i,j,k), the first index corresponds to the frequency.
%       So, S(N,j,k) is an S(j,k) matrix for frequency N.

f = zeros(1,1);
S = zeros(1,9,9);

f = [3700000000 ];
S(1,:,:) = [   -5.690099E-002 +    3.206739E-002i,   -5.656696E-002 +    3.551275E-001i,   -3.510228E-001 -    7.440222E-002i,    5.947324E-002 -    3.559249E-001i,    3.515282E-001 +    7.701930E-002i,   -1.370777E-001 +    3.173041E-001i,   -3.092778E-001 -    1.528402E-001i,    1.495675E-001 -    3.123985E-001i,    3.037887E-001 +    1.649434E-001i;  -5.656696E-002 +    3.551275E-001i,   -4.116446E-001 -    3.854569E-001i,    1.117233E-001 +    5.630987E-001i,    2.729139E-001 -    1.000628E-001i,    8.602567E-002 +    2.768209E-001i,    7.235448E-002 +    9.168224E-002i,   -9.508127E-002 +    6.743821E-002i,   -6.889139E-002 -    9.460894E-002i,    9.779936E-002 -    6.386365E-002i;  -3.510228E-001 -    7.440222E-002i,    1.117233E-001 +    5.630987E-001i,    3.728120E-001 +    4.249385E-001i,    8.585832E-002 +    2.770474E-001i,   -2.802282E-001 +    7.167155E-002i,   -9.503785E-002 +    6.744821E-002i,   -6.237642E-002 -    9.817546E-002i,    9.777856E-002 -    6.384854E-002i,    5.867626E-002 +    1.007026E-001i;   5.947324E-002 -    3.559249E-001i,    2.729139E-001 -    1.000628E-001i,    8.585832E-002 +    2.770474E-001i,   -4.159760E-001 -    3.521889E-001i,    1.415997E-001 +    5.736589E-001i,   -7.190515E-002 -    9.255181E-002i,    9.592509E-002 -    6.694593E-002i,    6.840774E-002 +    9.546221E-002i,   -9.862530E-002 +    6.333825E-002i;   3.515282E-001 +    7.701930E-002i,    8.602567E-002 +    2.768209E-001i,   -2.802282E-001 +    7.167155E-002i,    1.415997E-001 +    5.736589E-001i,    3.818358E-001 +    3.914314E-001i,    9.577406E-002 -    6.699279E-002i,    6.188487E-002 +    9.888604E-002i,   -9.849806E-002 +    6.336396E-002i,   -5.815673E-002 -    1.013952E-001i;  -1.370777E-001 +    3.173041E-001i,    7.235448E-002 +    9.168224E-002i,   -9.503785E-002 +    6.744821E-002i,   -7.190515E-002 -    9.255181E-002i,    9.577406E-002 -    6.699279E-002i,    3.210334E-001 -    3.484902E-001i,   -5.142626E-001 -    1.929983E-001i,    1.707450E-001 +    3.478262E-001i,   -3.553651E-001 +    1.525290E-001i;  -3.092778E-001 -    1.528402E-001i,   -9.508127E-002 +    6.743821E-002i,   -6.237642E-002 -    9.817546E-002i,    9.592509E-002 -    6.694593E-002i,    6.188487E-002 +    9.888604E-002i,   -5.142626E-001 -    1.929983E-001i,   -3.558144E-001 +    3.157934E-001i,   -3.554225E-001 +    1.524289E-001i,   -1.338867E-001 -    3.620067E-001i;   1.495675E-001 -    3.123985E-001i,   -6.889139E-002 -    9.460894E-002i,    9.777856E-002 -    6.384854E-002i,    6.840774E-002 +    9.546221E-002i,   -9.849806E-002 +    6.336396E-002i,    1.707450E-001 +    3.478262E-001i,   -3.554225E-001 +    1.524289E-001i,    3.143970E-001 -    3.436163E-001i,   -5.176201E-001 -    2.016139E-001i;   3.037887E-001 +    1.649434E-001i,    9.779936E-002 -    6.386365E-002i,    5.867626E-002 +    1.007026E-001i,   -9.862530E-002 +    6.333825E-002i,   -5.815673E-002 -    1.013952E-001i,   -3.553651E-001 +    1.525290E-001i,   -1.338867E-001 -    3.620067E-001i,   -5.176201E-001 -    2.016139E-001i,   -3.485797E-001 +    3.118757E-001i];


% modif JH 25/09/2008 : compatibilite avec ALOHA
S = reshape(S,1,length(S)*length(S)); 
