% Matlab m-File exported from HFSS11.0 
% Note: In three-dimensional arrays, like S(i,j,k), the first index corresponds to the frequency.
%       So, S(N,j,k) is an S(j,k) matrix for frequency N.

f = zeros(1,1);
S = zeros(1,9,9);

f = [3700000000 ];
S(1,:,:) = [   -5.633645E-002 +    1.926202E-003i,   -2.654306E-001 +    2.240886E-001i,   -2.094675E-001 -    2.760742E-001i,    2.745898E-001 -    2.137555E-001i,    1.986612E-001 +    2.847944E-001i,   -3.159635E-001 +    1.703158E-001i,   -1.637581E-001 -    3.181215E-001i,    3.177426E-001 -    1.674840E-001i,    1.503871E-001 +    3.254362E-001i;  -2.654306E-001 +    2.240886E-001i,   -2.906061E-001 -    3.803759E-001i,    2.344569E-001 +    7.149979E-001i,    8.933862E-002 -    7.820568E-002i,    7.326435E-002 +    9.311109E-002i,   -7.512319E-002 +    9.137464E-002i,   -8.964371E-002 -    7.659968E-002i,    7.601920E-002 -    9.073289E-002i,    8.647800E-002 +    8.049921E-002i;  -2.094675E-001 -    2.760742E-001i,    2.344569E-001 +    7.149979E-001i,    2.529586E-001 +    4.075852E-001i,    7.327410E-002 +    9.306552E-002i,   -9.656729E-002 +    6.815537E-002i,   -8.713198E-002 -    7.958707E-002i,    8.096816E-002 -    8.533086E-002i,    8.644612E-002 +    8.044641E-002i,   -8.468872E-002 +    8.197450E-002i;   2.745898E-001 -    2.137555E-001i,    8.933862E-002 -    7.820568E-002i,    7.327410E-002 +    9.306552E-002i,   -2.657724E-001 -    3.639905E-001i,    2.141782E-001 +    7.387308E-001i,    7.882627E-002 -    8.847690E-002i,    8.668564E-002 +    8.023540E-002i,   -7.969764E-002 +    8.779894E-002i,   -8.336194E-002 -    8.401286E-002i;   1.986612E-001 +    2.847944E-001i,    7.326435E-002 +    9.311109E-002i,   -9.656729E-002 +    6.815537E-002i,    2.141782E-001 +    7.387308E-001i,    2.294590E-001 +    3.890359E-001i,    8.404876E-002 +    8.317217E-002i,   -8.448278E-002 +    8.219017E-002i,   -8.332765E-002 -    8.400507E-002i,    8.807337E-002 -    7.868077E-002i;  -3.159635E-001 +    1.703158E-001i,   -7.512319E-002 +    9.137464E-002i,   -8.713198E-002 -    7.958707E-002i,    7.882627E-002 -    8.847690E-002i,    8.404876E-002 +    8.317217E-002i,    4.571323E-001 -    3.294624E-001i,   -5.728832E-001 +    1.806767E-002i,    4.557185E-002 +    2.875291E-001i,   -2.889697E-001 +    3.044474E-002i;  -1.637581E-001 -    3.181215E-001i,   -8.964371E-002 -    7.659968E-002i,    8.096816E-002 -    8.533086E-002i,    8.668564E-002 +    8.023540E-002i,   -8.448278E-002 +    8.219017E-002i,   -5.728832E-001 +    1.806767E-002i,   -4.692706E-001 +    3.155309E-001i,   -2.874212E-001 +    3.997377E-002i,   -2.487045E-002 -    2.885705E-001i;   3.177426E-001 -    1.674840E-001i,    7.601920E-002 -    9.073289E-002i,    8.644612E-002 +    8.044641E-002i,   -7.969764E-002 +    8.779894E-002i,   -8.332765E-002 -    8.400507E-002i,    4.557185E-002 +    2.875291E-001i,   -2.874212E-001 +    3.997377E-002i,    4.243071E-001 -    3.396486E-001i,   -5.915502E-001 +    2.615680E-002i;   1.503871E-001 +    3.254362E-001i,    8.647800E-002 +    8.049921E-002i,   -8.468872E-002 +    8.197450E-002i,   -8.336194E-002 -    8.401286E-002i,    8.807337E-002 -    7.868077E-002i,   -2.889697E-001 +    3.044474E-002i,   -2.487045E-002 -    2.885705E-001i,   -5.915502E-001 +    2.615680E-002i,   -4.574205E-001 +    2.958012E-001i];


% modif JH 25/09/2008 : compatibilite avec ALOHA
S = reshape(S,1,length(S)*length(S)); 
