% Matlab m-File exported from HFSS11.0 
% Note: In three-dimensional arrays, like S(i,j,k), the first index corresponds to the frequency.
%       So, S(N,j,k) is an S(j,k) matrix for frequency N.

f = zeros(1,1);
S = zeros(1,9,9);

f = [3700000000 ];
S(1,:,:) = [   -5.552126E-002 +    3.096976E-002i,    1.659995E-003 +    3.603846E-001i,   -3.584433E-001 -    2.835899E-002i,    3.614234E-002 -    3.594128E-001i,    3.542555E-001 +    6.570674E-002i,   -1.149038E-001 +    3.253721E-001i,   -3.183374E-001 -    1.309317E-001i,    1.279610E-001 -    3.215086E-001i,    3.138068E-001 +    1.439661E-001i;   1.659995E-003 +    3.603846E-001i,   -5.129667E-001 -    2.324166E-001i,    2.707376E-001 +    5.070528E-001i,    2.422920E-001 -    1.593410E-001i,    1.383053E-001 +    2.540376E-001i,    9.134564E-002 +    7.315612E-002i,   -7.750222E-002 +    8.730184E-002i,   -8.864928E-002 -    7.690538E-002i,    8.116963E-002 -    8.439438E-002i;  -3.584433E-001 -    2.835899E-002i,    2.707376E-001 +    5.070528E-001i,    4.695796E-001 +    3.134632E-001i,    1.382457E-001 +    2.541623E-001i,   -2.640885E-001 +    1.163534E-001i,   -8.034038E-002 +    8.472680E-002i,   -8.034442E-002 -    8.432467E-002i,    8.384348E-002 -    8.173379E-002i,    7.714836E-002 +    8.772882E-002i;   3.614234E-002 -    3.594128E-001i,    2.422920E-001 -    1.593410E-001i,    1.382457E-001 +    2.541623E-001i,   -4.578254E-001 -    2.950566E-001i,    1.971921E-001 +    5.577640E-001i,   -8.338260E-002 -    8.250383E-002i,    8.641199E-002 -    7.889584E-002i,    8.030160E-002 +    8.595837E-002i,   -8.976281E-002 +    7.561299E-002i;   3.542555E-001 +    6.570674E-002i,    1.383053E-001 +    2.540376E-001i,   -2.640885E-001 +    1.163534E-001i,    1.971921E-001 +    5.577640E-001i,    4.055947E-001 +    3.660169E-001i,    8.891673E-002 -    7.604445E-002i,    7.126084E-002 +    9.242959E-002i,   -9.209518E-002 +    7.269573E-002i,   -6.772008E-002 -    9.548823E-002i;  -1.149038E-001 +    3.253721E-001i,    9.134564E-002 +    7.315612E-002i,   -8.034038E-002 +    8.472680E-002i,   -8.338260E-002 -    8.250383E-002i,    8.891673E-002 -    7.604445E-002i,    2.742748E-001 -    3.862387E-001i,   -5.345838E-001 -    1.257095E-001i,    2.153437E-001 +    3.225651E-001i,   -3.324383E-001 +    1.980568E-001i;  -3.183374E-001 -    1.309317E-001i,   -7.750222E-002 +    8.730184E-002i,   -8.034442E-002 -    8.432467E-002i,    8.641199E-002 -    7.889584E-002i,    7.126084E-002 +    9.242959E-002i,   -5.345838E-001 -    1.257095E-001i,   -3.127434E-001 +    3.590816E-001i,   -3.322471E-001 +    1.982174E-001i,   -1.804960E-001 -    3.412087E-001i;   1.279610E-001 -    3.215086E-001i,   -8.864928E-002 -    7.690538E-002i,    8.384348E-002 -    8.173379E-002i,    8.030160E-002 +    8.595837E-002i,   -9.209518E-002 +    7.269573E-002i,    2.153437E-001 +    3.225651E-001i,   -3.322471E-001 +    1.982174E-001i,    2.660399E-001 -    3.819081E-001i,   -5.392289E-001 -    1.329410E-001i;   3.138068E-001 +    1.439661E-001i,    8.116963E-002 -    8.439438E-002i,    7.714836E-002 +    8.772882E-002i,   -8.976281E-002 +    7.561299E-002i,   -6.772008E-002 -    9.548823E-002i,   -3.324383E-001 +    1.980568E-001i,   -1.804960E-001 -    3.412087E-001i,   -5.392289E-001 -    1.329410E-001i,   -3.045127E-001 +    3.550327E-001i];

% modif JH 25/09/2008 : compatibilite avec ALOHA
S = reshape(S,1,length(S)*length(S)); 
