% Matlab m-File exported from HFSS11.0 
% Note: In three-dimensional arrays, like S(i,j,k), the first index corresponds to the frequency.
%       So, S(N,j,k) is an S(j,k) matrix for frequency N.

f = zeros(1,1);
S = zeros(1,9,9);

f = [3700000000 ];
S(1,:,:) = [   -5.702187E-002 +    1.342004E-003i,   -3.023579E-001 +    1.913852E-001i,   -1.654556E-001 -    3.162726E-001i,    3.165966E-001 -    1.683167E-001i,    1.517379E-001 +    3.238910E-001i,   -2.425269E-001 +    2.495245E-001i,   -2.281436E-001 -    2.617341E-001i,    2.683851E-001 -    2.232676E-001i,    1.997333E-001 +    2.852931E-001i;  -3.023579E-001 +    1.913852E-001i,    4.123368E-001 -    3.850079E-001i,   -5.687009E-001 +    5.040158E-002i,    6.282001E-002 +    2.867467E-001i,   -2.888383E-001 +    4.813967E-002i,   -5.859921E-002 +    1.025093E-001i,   -9.710732E-002 -    6.671927E-002i,    6.931728E-002 -    9.606740E-002i,    8.976328E-002 +    7.686388E-002i;  -1.654556E-001 -    3.162726E-001i,   -5.687009E-001 +    5.040158E-002i,   -4.698480E-001 +    3.150983E-001i,   -2.902080E-001 +    3.892925E-002i,   -2.416394E-002 -    2.910831E-001i,   -9.709809E-002 -    6.666180E-002i,    7.429086E-002 -    9.106189E-002i,    8.981501E-002 +    7.678824E-002i,   -8.377324E-002 +    8.292907E-002i;   3.165966E-001 -    1.683167E-001i,    6.282001E-002 +    2.867467E-001i,   -2.902080E-001 +    3.892925E-002i,    4.235727E-001 -    3.386653E-001i,   -5.906264E-001 +    2.313070E-002i,    6.631433E-002 -    9.798240E-002i,    9.196990E-002 +    7.401821E-002i,   -7.653521E-002 +    9.073407E-002i,   -8.386367E-002 -    8.359778E-002i;   1.517379E-001 +    3.238910E-001i,   -2.888383E-001 +    4.813967E-002i,   -2.416394E-002 -    2.910831E-001i,   -5.906264E-001 +    2.313070E-002i,   -4.556077E-001 +    2.971332E-001i,    9.427506E-002 +    7.100217E-002i,   -7.837433E-002 +    8.789696E-002i,   -8.653896E-002 -    8.081965E-002i,    8.750969E-002 -    7.933849E-002i;  -2.425269E-001 +    2.495245E-001i,   -5.859921E-002 +    1.025093E-001i,   -9.709809E-002 -    6.666180E-002i,    6.631433E-002 -    9.798240E-002i,    9.427506E-002 +    7.100217E-002i,   -3.590277E-001 -    3.196020E-001i,    3.443099E-001 +    6.671314E-001i,    7.989820E-002 -    8.893643E-002i,    8.179815E-002 +    8.679216E-002i;  -2.281436E-001 -    2.617341E-001i,   -9.710732E-002 -    6.671927E-002i,    7.429086E-002 -    9.106189E-002i,    9.196990E-002 +    7.401821E-002i,   -7.837433E-002 +    8.789696E-002i,    3.443099E-001 +    6.671314E-001i,    3.045466E-001 +    3.730848E-001i,    8.185507E-002 +    8.678069E-002i,   -9.304787E-002 +    7.418858E-002i;   2.683851E-001 -    2.232676E-001i,    6.931728E-002 -    9.606740E-002i,    8.981501E-002 +    7.678824E-002i,   -7.653521E-002 +    9.073407E-002i,   -8.653896E-002 -    8.081965E-002i,    7.989820E-002 -    8.893643E-002i,    8.185507E-002 +    8.678069E-002i,   -2.880625E-001 -    3.462012E-001i,    2.367085E-001 +    7.311786E-001i;   1.997333E-001 +    2.852931E-001i,    8.976328E-002 +    7.686388E-002i,   -8.377324E-002 +    8.292907E-002i,   -8.386367E-002 -    8.359778E-002i,    8.750969E-002 -    7.933849E-002i,    8.179815E-002 +    8.679216E-002i,   -9.304787E-002 +    7.418858E-002i,    2.367085E-001 +    7.311786E-001i,    2.304749E-001 +    3.882294E-001i];


% modif JH 25/09/2008 : compatibilite avec ALOHA
S = reshape(S,1,length(S)*length(S)); 
