% Matlab m-File exported from HFSS11.0 
% Note: In three-dimensional arrays, like S(i,j,k), the first index corresponds to the frequency.
%       So, S(N,j,k) is an S(j,k) matrix for frequency N.

f = zeros(1,1);
S = zeros(1,9,9);

f = [3700000000 ];
S(1,:,:) = [   -5.814687E-002 +    1.172689E-003i,   -3.371826E-001 +    1.179528E-001i,   -1.006493E-001 -    3.418934E-001i,    3.391729E-001 -    1.158097E-001i,    1.096533E-001 +    3.402837E-001i,   -2.992559E-001 +    1.784456E-001i,   -1.728065E-001 -    3.015953E-001i,    3.011520E-001 -    1.769457E-001i,    1.612852E-001 +    3.090150E-001i;  -3.371826E-001 +    1.179528E-001i,    5.397279E-001 -    1.636508E-001i,   -5.388394E-001 -    1.888117E-001i,   -5.117670E-002 +    2.897158E-001i,   -2.880744E-001 -    5.604257E-002i,   -9.975357E-002 +    6.286656E-002i,   -6.097828E-002 -    1.005920E-001i,    1.004075E-001 -    6.237493E-002i,    5.714237E-002 +    1.031984E-001i;  -1.006493E-001 -    3.418934E-001i,   -5.388394E-001 -    1.888117E-001i,   -5.544042E-001 +    1.111380E-001i,   -2.861254E-001 -    6.550334E-002i,    7.026974E-002 -    2.842461E-001i,   -5.764820E-002 -    1.025479E-001i,    1.032889E-001 -    5.572462E-002i,    5.712555E-002 +    1.031750E-001i,   -1.056938E-001 +    5.177180E-002i;   3.391729E-001 -    1.158097E-001i,   -5.117670E-002 +    2.897158E-001i,   -2.861254E-001 -    6.550334E-002i,    5.120721E-001 -    1.856568E-001i,   -5.692222E-001 -    1.487981E-001i,    1.005522E-001 -    6.232424E-002i,    6.042347E-002 +    1.013793E-001i,   -1.012047E-001 +    6.182608E-002i,   -5.655544E-002 -    1.039653E-001i;   1.096533E-001 +    3.402837E-001i,   -2.880744E-001 -    5.604257E-002i,    7.026974E-002 -    2.842461E-001i,   -5.692222E-001 -    1.487981E-001i,   -5.189724E-001 +    1.706304E-001i,    6.042582E-002 +    1.013646E-001i,   -1.021567E-001 +    5.851576E-002i,   -5.991771E-002 -    1.020067E-001i,    1.046692E-001 -    5.461321E-002i;  -2.992559E-001 +    1.784456E-001i,   -9.975357E-002 +    6.286656E-002i,   -5.764820E-002 -    1.025479E-001i,    1.005522E-001 -    6.232424E-002i,    6.042582E-002 +    1.013646E-001i,   -1.507410E-001 -    4.565624E-001i,    1.277405E-002 +    7.503124E-001i,    1.098324E-001 -    4.779084E-002i,    4.213465E-002 +    1.118620E-001i;  -1.728065E-001 -    3.015953E-001i,   -6.097828E-002 -    1.005920E-001i,    1.032889E-001 -    5.572462E-002i,    6.042347E-002 +    1.013793E-001i,   -1.021567E-001 +    5.851576E-002i,    1.277405E-002 +    7.503124E-001i,    1.383451E-001 +    4.615271E-001i,    4.576581E-002 +    1.103841E-001i,   -1.123105E-001 +    4.008870E-002i;   3.011520E-001 -    1.769457E-001i,    1.004075E-001 -    6.237493E-002i,    5.712555E-002 +    1.031750E-001i,   -1.012047E-001 +    6.182608E-002i,   -5.991771E-002 -    1.020067E-001i,    1.098324E-001 -    4.779084E-002i,    4.576581E-002 +    1.103841E-001i,   -1.614309E-001 -    4.228173E-001i,    1.287111E-002 +    7.670921E-001i;   1.612852E-001 +    3.090150E-001i,    5.714237E-002 +    1.031984E-001i,   -1.056938E-001 +    5.177180E-002i,   -5.655544E-002 -    1.039653E-001i,    1.046692E-001 -    5.461321E-002i,    4.213465E-002 +    1.118620E-001i,   -1.123105E-001 +    4.008870E-002i,    1.287111E-002 +    7.670921E-001i,    1.213950E-001 +    4.369699E-001i];


% modif JH 25/09/2008 : compatibilite avec ALOHA
S = reshape(S,1,length(S)*length(S)); 
