% Matlab m-File exported from HFSS11.0 
% Note: In three-dimensional arrays, like S(i,j,k), the first index corresponds to the frequency.
%       So, S(N,j,k) is an S(j,k) matrix for frequency N.

f = zeros(1,1);
S = zeros(1,9,9);

f = [3700000000 ];
S(1,:,:) = [   -5.595262E-002 +    3.122352E-002i,   -1.257419E-001 +    3.213272E-001i,   -3.183702E-001 -    1.314021E-001i,    1.291724E-001 -    3.209886E-001i,    3.134196E-001 +    1.450224E-001i,   -3.362368E-002 +    3.585620E-001i,   -3.555987E-001 -    5.125508E-002i,    3.612420E-002 -    3.595124E-001i,    3.579246E-001 +    4.224402E-002i;  -1.257419E-001 +    3.213272E-001i,    2.985468E-001 -    3.686223E-001i,   -5.302264E-001 -    1.420031E-001i,    2.035686E-001 +    3.298593E-001i,   -3.391197E-001 +    1.862070E-001i,    8.083264E-002 +    8.443401E-002i,   -8.813043E-002 +    7.635940E-002i,   -8.053455E-002 -    8.524947E-002i,    8.641366E-002 -    7.884467E-002i;  -3.183702E-001 -    1.314021E-001i,   -5.302264E-001 -    1.420031E-001i,   -3.124877E-001 +    3.593032E-001i,   -3.329442E-001 +    1.970920E-001i,   -1.795947E-001 -    3.418666E-001i,   -8.575216E-002 +    7.911730E-002i,   -7.458500E-002 -    8.935887E-002i,    8.656050E-002 -    7.880479E-002i,    7.709688E-002 +    8.769126E-002i;   1.291724E-001 -    3.209886E-001i,    2.035686E-001 +    3.298593E-001i,   -3.329442E-001 +    1.970920E-001i,    2.651219E-001 -    3.822344E-001i,   -5.400114E-001 -    1.316494E-001i,   -8.023975E-002 -    8.544005E-002i,    8.910346E-002 -    7.571884E-002i,    7.993300E-002 +    8.625485E-002i,   -8.740594E-002 +    7.822735E-002i;   3.134196E-001 +    1.450224E-001i,   -3.391197E-001 +    1.862070E-001i,   -1.795947E-001 -    3.418666E-001i,   -5.400114E-001 -    1.316494E-001i,   -3.031163E-001 +    3.554163E-001i,    8.923250E-002 -    7.565490E-002i,    7.096283E-002 +    9.265518E-002i,   -9.002916E-002 +    7.530786E-002i,   -7.354933E-002 -    9.109016E-002i;  -3.362368E-002 +    3.585620E-001i,    8.083264E-002 +    8.443401E-002i,   -8.575216E-002 +    7.911730E-002i,   -8.023975E-002 -    8.544005E-002i,    8.923250E-002 -    7.565490E-002i,   -4.572339E-001 -    3.293951E-001i,    1.840616E-001 +    5.442991E-001i,    2.569729E-001 -    1.346348E-001i,    1.298306E-001 +    2.586125E-001i;  -3.555987E-001 -    5.125508E-002i,   -8.813043E-002 +    7.635940E-002i,   -7.458500E-002 -    8.935887E-002i,    8.910346E-002 -    7.571884E-002i,    7.096283E-002 +    9.265518E-002i,    1.840616E-001 +    5.442991E-001i,    4.249731E-001 +    3.723511E-001i,    1.214239E-001 +    2.627084E-001i,   -2.641042E-001 +    1.165559E-001i;   3.612420E-002 -    3.595124E-001i,   -8.053455E-002 -    8.524947E-002i,    8.656050E-002 -    7.880479E-002i,    7.993300E-002 +    8.625485E-002i,   -9.002916E-002 +    7.530786E-002i,    2.569729E-001 -    1.346348E-001i,    1.214239E-001 +    2.627084E-001i,   -4.580480E-001 -    2.950078E-001i,    2.331933E-001 +    5.433656E-001i;   3.579246E-001 +    4.224402E-002i,    8.641366E-002 -    7.884467E-002i,    7.709688E-002 +    8.769126E-002i,   -8.740594E-002 +    7.822735E-002i,   -7.354933E-002 -    9.109016E-002i,    1.298306E-001 +    2.586125E-001i,   -2.641042E-001 +    1.165559E-001i,    2.331933E-001 +    5.433656E-001i,    4.503181E-001 +    3.095760E-001i];


% modif JH 25/09/2008 : compatibilite avec ALOHA
S = reshape(S,1,length(S)*length(S)); 
